47.9408
0.0078
0.4992
0.4999
0.499
0.4996
0.4998
0.4996
0.4992
0.5023
0.4852
0.4994
0.4999
0.4999
0.4991
0.4996
0.4995
0.4996
0.5
0.4998
0.499
0.4994
0.4998
0.499
0.4996
0.4995
0.5
0.499
0.4997
0.4998
0.4996
0.4989
0.4992
0.4993
0.4997
0.4994
0.4997
0.4998
0.4991
0.4994
0.4996
0.4995
0.4994
0.4997
0.4995
0.499
0.4997
0.4987
0.4996
0.4992
0.4994
0.4989
0.4998
0.4993
0.5001
0.4996
0.4989
0.4992
0.4998
0.4996
0.4995
0.5001
0.4995
0.4989
0.4993
0.4988
0.4996
0.4995
0.5001
0.4997
0.4994
0.4995
0.4998
0.4995
0.4999
0.499
0.4995
0.4997
0.4995
0.4994
0.4997
0.5
0.4991
0.4996
0.4994
0.5002
0.4989
0.4992
0.5002
0.5016
0.4974
0.486
0.4997
0.4994
0.499
0.4989
0.4997
0.4989
0.4993
0.5002
0.4989
0.4991
0.4998
0.4992
0.4993
0.4999
0.4998
0.4995
0.5026
0.4969
0.5015
0.495
0.4993
0.4993
0.4994
0.4993
0.4993
0.4995
0.4992
0.4984
0.4995
0.4994
0.5001
0.4996
0.4996
0.4983
0.4995
0.4997
0.5
0.4993
0.4995
0.5
0.4988
0.499
0.4997
0.4989
0.4987
0.4998
0.4989
0.4991
0.4997
0.499
0.4989
0.5003
0.499
0.4991
0.4997
0.4991
0.499
0.4992
0.5013
0.4968
0.4996
0.4981
0.4989
0.499
0.4991
0.4991
0.4992
0.4993
0.4991
0.4998
0.4992
0.4999
0.499
0.4995
0.4993
0.4998
0.5004
0.496
0.4994
0.5005
0.4986
0.4991
0.4993
0.4996
0.4992
0.4992
0.4996
0.4989
0.4988
0.5003
0.4987
0.5
0.4986
0.4995
0.4987
0.4997
0.4986
0.4996
0.4996
0.4996
0.4994
0.4998
0.4997
0.4993
0.4995
0.4997
0.4995
0.4998
0.4995
0.4995
0.4996
0.4997
0.4993
0.4996
0.4995
0.4996
0.4995
0.5
0.498
0.4988
0.5001
0.499
0.5002
0.4991
0.4996
0.5001
0.4991
0.4991
0.4992
0.4997
0.4995
0.4996
0.4993
0.4999
0.4989
0.4995
0.4997
0.4995
0.5
0.4991
0.499
0.4999
0.4993
0.4994
0.5002
0.499
0.4999
0.4999
0.4994
0.4993
0.4993
0.4989
0.4999
0.4996
0.4992
0.4987
0.4999
0.4994
0.4993
0.4986
0.5003
0.4993
0.4987
0.5001
0.4988
0.499
0.4996
0.4987
0.4996
0.5004
0.4992
0.5002
0.4987
0.5
0.4991
0.4995
0.4997
0.4999
0.5
0.499
0.4991
0.4996
0.4998
0.4996
0.4995
0.499
0.4995
0.4996
0.4994
0.4997
0.499
0.4993
0.4991
0.5006
0.4973
0.5
0.4997
0.4983
0.5005
0.4987
0.4997
0.4991
0.4995
0.4988
0.4998
0.4994
0.4997
0.5067
0.4922
0.4993
0.4985
0.4998
0.4996
0.4988
0.4992
0.5001
0.4989
0.4989
0.4998
0.499
0.499
0.4994
0.4997
0.4994
0.4996
0.4991
0.5
0.4992
0.4996
0.499
0.4992
0.4999
0.4992
0.4994
0.4991
0.4995
0.5
0.4989
0.5
0.4992
0.4987
0.4994
0.4993
0.4991
0.4995
0.5018
0.4967
0.488
0.4982
0.5001
0.4986
0.4988
0.499
0.4992
0.4995
0.4997
0.4991
0.4996
0.4991
0.5002
0.4985
0.4999
0.4989
0.4994
0.4992
0.4991
0.4991
0.4997
0.499
0.4996
0.4998
0.4997
0.4989
0.4995
0.4989
0.4997
0.5
0.4991
0.4993
0.4993
0.4988
0.4998
0.4996
0.4991
0.4995
0.4993
0.5001
0.4989
0.4996
0.4992
0.4997
0.4989
0.4997
0.4998
0.4986
0.4996
0.4997
0.4988
0.4998
0.4995
0.4989
0.4996
0.4995
0.4996
0.4993
0.499
0.4993
0.4995
0.499
0.4997
0.4996
0.4987
0.4993
0.4995
0.5052
0.4937
0.4992
0.4991
0.4993
0.4994
0.4994
0.4999
0.4994
0.4995
0.4984
0.4996
0.4997
0.4992
0.4993
0.4994
0.499
0.4995
0.4996
0.4994
0.5003
0.4994
0.4993
0.4994
0.5
0.4995
0.4999
0.4993
0.5
0.4993
0.5
0.4997
0.4998
0.4996
0.4997
0.4996
0.4993
0.4999
0.4998
0.4995
0.4998
0.4997
0.4995
0.4996
0.4999
0.4995
0.4996
0.4994
0.5002
0.4994
0.4996
0.4998
0.4995
0.4993
0.4993
0.4998
0.4992
0.4996
0.4999
0.4998
0.4996
0.4997
0.4998
0.4996
0.4993
0.4999
0.4995
0.4998
0.4996
0.5
0.4994
0.4999
0.4995
0.4996
0.4999
0.4995
0.4996
0.4998
0.4997
0.4994
0.5
0.4998
0.4994
0.4996
0.4996
0.4997
0.4995
0.4997
0.4999
0.4991
0.4996
0.4999
0.4999
0.4995
0.4999
0.4994
0.4996
0.5001
0.4992
0.5001
0.4993
0.4998
0.4997
0.5117
0.4877
0.4994
0.5001
0.4993
0.4999
0.499
0.4996
0.4996
0.4998
0.4989
0.4995
0.4996
0.4995
0.4998
0.4993
0.5
0.4993
0.5001
0.4994
0.4992
0.4997
0.4988
0.4997
0.4991
0.4996
0.4997
0.499
0.4995
0.4993
0.5006
0.4981
0.499
0.4996
0.5236
0.4739
0.5
0.499
0.4998
0.499
0.4994
0.4989
0.507
0.4904
0.4997
0.4991
0.4995
0.4986
0.5002
0.4989
0.4991
0.4996
0.4992
0.4992
0.4995
0.4992
0.4996
0.499
0.4994
0.499
0.4996
0.4991
0.4988
0.4995
0.4992
0.4994
0.499
0.4996
0.4993
0.4993
0.4991
0.5073
0.4913
0.4993
0.4991
0.4997
0.4994
0.4991
0.4991
0.4994
0.4995
0.4998
0.4994
0.4991
0.4994
0.4992
0.4999
0.4993
0.4992
0.4995
0.4995
0.4991
0.4996
0.4992
0.4996
0.4991
0.4991
0.4983
0.5024
0.5323
0.4619
0.4961
0.5002
0.4986
0.5
0.4994
0.4989
0.4995
0.4995
0.4991
0.4989
0.4999
0.4983
0.4992
0.4993
0.4994
0.4992
0.4998
0.4998
0.4992
0.4998
0.4987
0.5002
0.4988
0.4992
0.5
0.4973
0.4992
0.4994
0.4998
0.499
0.5042
0.4936
0.4991
0.4989
0.4977
0.4996
0.4992
0.4996
0.4994
0.4992
0.4993
0.4992
0.4988
0.4996
0.4996
0.4978
0.4996
0.5
0.4984
0.5002
0.4977
0.499
0.5003
0.4988
0.4992
0.4989
0.4996
0.4989
0.4986
0.5094
0.4989
0.4803
0.5236
0.474
0.4988
0.4992
0.4988
0.499
0.5077
0.4933
0.4969
0.6342
0.3631
0.4986
0.499
0.4995
0.499
0.4999
0.5006
0.4971
0.4996
0.4988
0.4992
0.4995
0.5003
0.4993
0.498
0.4995
0.4991
1.0862
0.0014
0.4087
0.5
0.4994
0.4996
0.4986
0.499
0.4998
0.4994
0.4988
0.499
0.5
0.4983
0.4991
0.499
0.4998
0.4992
0.4982
0.4992
0.4999
0.499
0.4995
0.4987
0.4978
0.4999
0.4998
0.4979
0.4992
0.5
0.499
0.4986
0.4988
0.4987
0.4989
0.5002
0.4983
0.4995
0.499
0.4996
0.4992
0.5026
0.4948
0.5007
0.4971
0.4995
0.4988
0.503
0.4936
0.4998
0.5094
0.4882
0.4988
0.4995
0.496
0.4987
0.4998
0.4986
0.5002
0.4994
0.4995
0.4983
0.4991
0.4992
0.4988
0.4979
0.5504
0.4463
0.499
0.4992
0.51
0.4881
0.4995
0.4986
0.507
0.4917
0.4986
0.499
0.4988
0.4993
0.4996
0.4989
0.4996
0.4998
0.4992
0.4992
0.4998
0.4991
0.4998
0.5016
0.4974
0.4981
0.4992
0.4994
0.5569
0.4411
0.5052
0.4938
0.4989
0.4986
0.4994
0.4992
0.4988
0.4995
0.4994
0.4998
0.4992
0.5367
0.4617
0.4978
0.4994
0.4995
0.4984
0.4993
0.4989
0.4993
0.4998
0.5184
0.4797
0.499
0.4993
0.4995
0.4987
0.5101
0.4879
0.4984
0.4991
0.4994
0.4996
0.4994
0.4996
0.4989
0.4993
0.4996
0.4998
0.4988
0.4994
0.4994
0.4984
0.4999
0.5013
0.497
0.4997
0.5008
0.4982
0.4994
0.4992
0.5
0.4995
0.4991
0.4991
0.4992
0.4918
0.4997
0.4996
0.4993
0.5003
0.498
0.4995
0.4988
0.4998
0.4994
0.4985
0.4993
0.4997
0.4985
0.4996
0.5001
0.4992
0.5001
0.4998
0.4992
0.5
0.4993
0.5
0.4992
0.4996
0.4996
0.4996
0.4998
0.4994
0.4991
0.4991
0.4997
0.4995
0.4985
0.4999
0.4993
0.499
0.4994
0.4993
0.4991
0.4995
0.4996
0.4998
0.4979
0.4993
0.4991
0.5
0.5205
0.4771
0.4991
0.4995
0.975
0.0227
1.1791
0.002
0.3896
0.4235
0.5
0.4993
0.7474
0.25
0.5089
0.492
0.671
0.3234
0.4991
0.4998
0.4988
0.4984
0.5005
0.4985
0.4997
0.4992
0.4997
0.5
0.4993
0.499
0.4993
0.4992
0.499
0.4995
0.4997
0.5006
0.4974
0.5002
0.4984
0.4993
0.4991
0.4998
0.498
0.4991
0.4993
0.5002
0.4994
0.4991
0.4986
0.4997
0.502
0.6046
0.3953
0.4952
0.4988
0.4995
0.4998
0.4983
0.4994
0.4999
0.4983
0.4996
0.4985
0.4996
0.4994
0.4994
0.4994
0.4993
0.4996
0.4996
0.4991
0.4997
0.5152
0.4821
0.4987
0.5003
0.4992
0.4995
0.4984
0.4994
0.4996
0.4992
0.4999
0.4994
0.4994
0.4997
0.4994
0.5011
0.499
0.4982
0.4995
0.4999
0.4996
0.4995
0.4995
0.4995
0.4998
0.4996
0.4996
0.4996
0.4999
0.4992
0.4998
0.5
0.4993
0.4997
0.4998
0.4996
0.4995
0.4996
0.4994
0.4995
0.5002
0.4995
0.499
0.4989
0.5
0.5003
0.4984
0.4995
0.4994
0.4998
0.5134
0.4853
0.4995
0.4998
0.4995
0.4998
0.4999
0.4994
0.4995
0.4995
0.4997
0.4997
0.4997
0.4995
0.4999
0.4998
0.4994
0.4998
0.5003
0.4994
0.4978
0.4994
0.4994
0.5
0.4996
0.499
0.4993
0.4994
0.4992
0.4995
0.5
0.4995
0.5005
0.4983
0.4993
0.4985
0.514
0.4852
0.4987
0.4995
0.4993
0.4996
0.4994
0.499
0.4997
0.4995
0.5033
0.4972
0.4969
0.4994
0.499
0.4999
0.499
0.4993
0.5
0.4979
0.4998
0.4992
0.5009
0.498
0.5003
0.4986
0.4993
0.4991
0.4987
0.4995
0.4991
0.4992
0.4996
0.4993
0.4991
0.5001
0.4991
0.499
0.4995
0.4995
0.4989
0.4997
0.499
0.4996
0.4999
0.4994
0.4998
0.4996
0.4995
0.5003
0.4977
0.4999
0.4998
0.4995
0.4995
0.4995
0.4999
0.4999
0.499
0.4998
0.4991
0.4999
0.4994
0.4994
0.4997
0.4995
0.4996
0.4995
0.4999
0.5002
0.4991
0.4994
0.4997
0.5
0.4995
0.4996
0.501
0.4974
0.4998
0.4997
0.4994
0.4996
0.4995
0.4997
0.4996
0.4999
0.4997
0.4995
0.4998
0.4995
0.4998
0.4994
0.4999
0.5
0.4979
0.4988
0.5003
0.6156
0.3825
0.4993
0.499
0.5515
0.4478
0.4987
0.4984
0.4991
0.4999
0.4989
0.4999
0.4986
0.4995
0.5003
0.4993
0.4997
0.4974
0.4993
0.4992
0.4996
0.5006
0.4988
0.4995
0.4997
0.4997
0.4992
0.4996
0.5032
0.4965
0.499
0.4995
0.4992
0.4997
0.4996
0.4997
0.5001
0.4986
0.499
0.4995
0.4998
0.4997
0.4997
0.4997
0.4993
0.5001
0.5104
0.4898
0.4971
0.4998
0.6064
0.3858
0.4992
0.5
0.501
0.4992
0.4972
0.5014
0.4952
0.4993
0.4992
0.4997
0.4998
0.4991
0.4993
0.4999
0.4991
0.4996
0.4992
0.4996
0.4991
0.4988
0.4993
0.4999
0.499
0.4995
0.499
0.4996
0.4995
0.4993
0.4995
0.4996
0.4995
0.4994
0.4994
0.4997
0.4995
0.499
0.4996
0.499
0.4997
0.4991
0.4996
0.4991
0.4998
0.4996
0.4986
0.4999
0.4995
0.4988
0.4997
0.4995
0.4995
0.4995
0.4994
0.4994
0.4992
0.4991
0.4999
0.4993
0.4994
0.4995
0.4993
0.4997
0.4995
0.4996
0.4989
0.4999
0.4994
0.4991
0.4996
0.4991
0.5001
0.4992
0.4998
0.4989
0.4991
0.4999
0.499
0.4989
0.4996
0.4995
0.4989
0.4998
0.4994
0.4988
0.4996
0.4995
0.4998
0.5776
0.4193
0.4988
0.4993
0.4995
0.4991
0.4991
0.4997
0.4993
0.4997
0.4994
0.4989
0.4994
0.4997
0.4991
0.4996
0.4997
0.4993
0.499
0.5
0.4987
0.4999
0.4992
0.4997
0.4996
0.4987
0.4999
0.4989
0.4995
0.4996
0.4995
0.4997
0.499
0.4995
0.4991
0.5002
0.4992
0.4992
0.4993
0.4995
0.4996
0.4992
0.4993
0.4997
0.4988
0.4996
0.4994
0.4995
0.4997
0.4986
0.5
0.4994
0.4991
0.4994
0.4999
0.499
0.4995
0.4992
0.4994
0.4998
0.4992
0.4989
0.4998
0.4998
0.4992
0.4988
0.4996
0.4993
0.4996
0.4993
0.4993
0.4923
0.4989
0.4996
0.4994
0.5001
0.4994
0.4996
0.4993
0.5
0.4988
0.4989
0.4995
0.4992
0.4993
0.4995
0.4996
0.4998
0.4991
0.499
0.4997
0.4994
0.4996
0.5
0.5003
0.4994
0.4986
0.4996
0.5
0.5001
0.4986
0.4994
0.5001
0.4991
0.4994
0.4994
0.4996
0.4995
0.5003
0.499
0.4992
0.4996
0.4994
0.4994
0.4999
0.4989
0.4997
0.4996
0.4996
0.4997
0.4994
0.4995
0.5005
0.4992
0.499
0.4999
0.5016
0.4971
0.499
0.4997
0.4995
0.5002
0.4992
0.4996
0.5
0.4997
0.4997
0.4996
0.5026
0.4965
0.4999
0.4994
0.4996
0.4999
0.4994
0.4994
0.4999
0.4993
0.5
0.4993
0.5
0.4989
0.4995
0.4994
0.5
0.4996
0.4996
0.4998
0.4989
0.499
0.4993
0.5
0.4995
0.4998
0.4983
0.4997
0.4988
0.4997
0.4997
0.4995
0.4998
0.4997
0.4995
0.4999
0.4994
0.4998
0.4994
0.4998
0.4992
0.5
0.4996
0.4996
0.4996
0.4999
0.4999
0.499
0.5
0.4994
0.5016
0.4993
0.5032
0.4945
0.4982
0.4994
0.5027
0.4767
0.5001
0.4997
0.499
0.4994
0.4994
0.5
0.4986
0.4995
0.4997
0.4999
0.4993
0.5002
0.4986
0.4993
0.4999
0.4997
0.4992
0.4997
0.4999
0.4992
0.4995
0.499
0.4998
0.4992
0.4993
0.4994
0.5
0.4989
0.4997
0.4993
0.5002
0.4995
0.4988
0.4997
0.4991
0.499
0.4994
0.4994
0.5069
0.4914
0.4996
0.4988
0.4993
0.4993
0.5108
0.4886
0.499
0.4997
0.5004
0.4986
0.4996
0.4994
0.4991
0.4997
0.5003
0.4981
0.4996
0.5
0.4995
0.5001
0.4993
0.4992
0.4994
0.4995
0.5002
0.4976
0.5
0.4991
0.4997
0.4996
0.4998
0.4998
0.4994
0.4998
0.4994
0.4999
0.4994
0.5001
0.499
0.5
0.4994
0.4998
0.4996
0.4999
0.5034
0.4957
0.4989
0.4998
0.4997
0.5019
0.4974
0.4999
0.4996
0.5031
0.486
0.5024
0.5054
0.4911
0.5054
0.4945
0.4985
0.4994
0.4996
0.489
0.5006
0.4988
0.4968
0.4995
0.4995
0.5
0.4995
0.4997
0.4992
0.5005
0.4985
0.4999
0.499
0.4996
0.4996
0.4994
0.4998
0.4999
0.5029
0.4951
0.4995
0.5004
0.4986
0.4992
0.4999
0.4988
0.5001
0.4991
0.4992
0.4992
0.4994
0.4989
0.4991
0.4973
0.501
0.4948
0.4989
0.5002
0.4993
0.4987
0.496
0.4988
0.499
0.4993
0.4991
0.5022
0.4966
0.4993
0.5005
0.4986
0.4989
0.5003
0.4998
0.4979
0.4998
0.4994
0.4993
0.4999
0.4992
0.4993
0.4998
0.5
0.4997
0.4988
0.4996
0.4985
0.4997
0.5131
0.486
0.4991
0.4995
0.4993
0.4999
0.5002
0.4987
0.4996
0.4994
0.4998
0.4999
0.4994
0.4993
0.4995
0.4993
0.4995
0.4995
0.4996
0.4999
0.4994
0.4996
0.4997
0.4994
0.4995
0.4993
0.4991
0.4995
0.4994
0.5011
0.4984
0.4993
0.4998
0.4997
0.4994
0.4994
0.4999
0.4987
0.4992
0.4982
0.4999
0.4984
0.4994
0.4986
0.4995
0.4991
0.4988
0.4992
0.4994
0.4989
0.499
0.4989
0.4992
0.4998
0.4996
0.4988
0.5002
0.499
0.4997
0.4992
0.4992
0.4996
0.4997
0.5
0.4993
0.4995
0.4998
0.4992
0.4988
0.4997
0.4994
0.4992
0.4994
0.4987
0.4998
0.4995
0.4995
0.4997
0.4995
0.4994
0.4995
0.4996
0.4995
0.4998
0.5036
0.496
0.499
0.5
0.4994
0.4992
0.4989
0.4998
0.4995
0.4996
0.4996
0.4996
0.4997
0.4995
0.5002
0.5
0.4989
0.4989
0.4992
0.4993
0.501
0.4975
0.4991
0.5014
0.4871
0.4991
0.4994
0.4993
0.499
0.4992
0.4992
0.4994
0.4999
0.4998
0.4996
0.4994
0.4999
0.4997
0.4992
0.4998
0.4994
0.4995
0.4995
0.4999
0.5011
0.4969
0.4991
0.4993
0.4994
0.4995
0.4995
0.4997
0.5
0.4993
0.4997
0.4997
0.4999
0.4991
0.4996
0.4994
0.4995
0.4991
0.4996
0.4995
0.4999
0.4999
0.4991
0.5025
0.4967
0.4995
0.4998
0.4998
0.501
0.4959
0.4996
0.4999
0.4999
0.4989
0.4993
0.4999
0.4996
0.4992
0.5
0.4993
0.4998
0.4996
0.4996
0.5
0.4994
0.4994
0.4999
0.4995
0.4997
0.4994
0.4996
0.4992
0.4997
0.4999
0.4993
0.4996
0.5001
0.4996
0.4994
0.4998
0.4993
0.4996
0.5005
0.4978
0.5001
0.4998
0.4995
0.4995
0.4995
0.4994
0.4886
0.4997
0.4995
0.4997
0.4998
0.4993
0.4995
0.4995
0.5
0.4996
0.4997
0.4997
0.4997
0.4998
0.4994
0.4996
0.4996
0.4998
0.494
0.4996
0.4996
0.4996
0.4997
0.4999
0.4999
0.499
0.4994
0.4995
0.5126
0.4865
0.4999
0.4997
0.4993
0.4997
0.4996
0.4994
0.4997
0.4996
0.5
0.4997
0.4996
0.4994
0.5001
0.4995
0.4997
0.4994
0.4997
0.4997
0.4999
0.4995
0.4994
0.4996
0.4998
0.4994
0.5004
0.4988
0.4988
0.4997
0.4995
0.4999
0.4993
0.4997
0.4997
0.4995
0.4998
0.4994
0.4995
0.4998
0.4995
0.4998
0.4996
0.4994
0.4999
0.4996
0.4997
0.4996
0.4994
0.4995
0.4996
0.5
0.4994
0.4995
0.4998
0.4996
0.4994
0.5003
0.4992
0.499
0.5008
0.4979
0.4993
0.4999
0.4994
0.5115
0.4874
0.4997
0.4998
0.4997
0.4999
0.4994
0.4988
0.4997
0.4989
0.4998
0.4985
0.4992
0.4997
0.5003
0.4989
0.4996
0.4993
0.4994
0.4998
0.4994
0.5003
0.4992
0.5001
0.4987
0.4997
0.4993
0.4989
0.4986
0.4999
0.4994
0.4994
0.4992
0.499
0.4992
0.4991
0.4992
0.499
0.4997
0.4991
0.4994
0.499
0.499
0.4999
0.4989
0.5028
0.4916
0.4996
0.4995
0.4997
0.4997
0.4997
0.4998
0.4995
0.4997
0.4995
0.4986
0.4998
0.4995
0.5004
0.4995
0.4989
0.4986
0.4998
0.4997
0.4998
0.4994
0.4998
0.499
0.4991
0.4999
0.4994
0.4997
0.5003
0.499
0.4997
0.4995
0.5017
0.4933
0.4994
0.4996
0.4994
0.4996
0.5005
0.4992
0.4991
0.4979
0.4994
0.499
0.4998
0.5
0.4993
0.4995
0.5137
0.4856
0.499
0.4997
0.4995
0.4998
0.4998
0.4995
0.4995
0.4996
0.4994
0.4997
0.4998
0.4992
0.4998
0.4993
0.4996
0.4999
0.4999
0.5
0.4994
0.4986
0.4997
0.4824
0.4996
0.4988
0.5001
0.499
0.4996
0.4993
0.499
0.4989
0.4998
0.4992
0.4998
0.4992
0.4987
0.499
0.4994
0.4989
0.4998
0.4992
0.4995
0.4996
0.4995
0.4998
0.4989
0.4996
0.4999
0.4993
0.4994
0.4992
0.4995
0.4997
0.5045
0.4943
0.499
0.4999
0.4991
0.4993
0.4994
0.4996
0.4995
0.5001
0.4979
0.4989
0.4995
0.4995
0.5
0.4988
0.4999
0.4994
0.4995
0.4995
0.4993
0.4993
0.4991
0.4989
0.4994
0.4994
0.499
0.499
0.4993
0.5
0.4992
0.4996
0.499
0.4997
0.4987
0.4999
0.4992
0.4996
0.4989
0.4994
0.4994
0.4997
0.4993
0.4997
0.4997
0.4988
0.4996
0.4995
0.4999
0.4998
0.4968
0.4996
0.4995
0.4996
0.4994
0.4993
0.4992
0.5
0.4993
0.4995
0.4992
0.4995
0.4998
0.4986
0.5005
0.5009
0.4948
0.4998
0.4991
0.5
0.4995
0.4992
0.4996
0.4995
0.4988
0.5
0.4998
0.4988
0.4994
0.4996
0.4994
0.5005
0.49
0.4983
0.4991
0.5001
0.4992
0.4995
0.4995
0.4994
0.4992
0.4995
0.5011
0.4973
0.5002
0.5007
0.4968
0.4995
0.499
0.4989
0.4995
0.4994
0.4993
0.4993
0.4968
0.4995
0.499
0.499
0.4996
0.4993
0.4994
0.499
0.4999
0.4995
0.4988
0.4997
0.4996
0.4937
0.4992
0.4994
0.4997
0.4987
0.4993
0.4998
0.4994
0.4993
0.4998
0.5262
0.4722
0.4995
0.4998
0.4989
0.4999
0.4992
0.4993
0.5001
0.4994
0.4994
0.4996
0.4992
0.4991
0.4995
0.4996
0.5
0.4989
0.4988
0.4993
0.4996
0.4998
0.4996
0.4994
0.4997
0.4995
0.5006
0.4989
0.4995
0.499
0.4994
0.4997
0.4988
0.4998
0.4995
0.4992
0.4995
0.4996
0.4994
0.4993
0.5
0.4992
0.4998
0.4991
0.4992
0.4997
0.4995
0.4994
0.4999
0.4994
0.4996
0.4997
0.4997
0.5
0.4997
0.4997
0.4996
0.4993
0.4989
0.4994
0.4997
0.4994
0.499
0.4997
0.4997
0.4997
0.4993
0.4995
0.4996
0.4996
0.4998
0.4997
0.4991
0.5001
0.4993
0.4998
0.4997
0.4991
0.4995
0.4988
0.4999
0.4993
0.4996
0.4997
0.4997
0.4996
0.4997
0.4997
0.5
0.4991
0.4993
0.4992
0.4995
0.4989
0.4994
0.4993
0.4996
0.499
0.5001
0.4985
0.4993
0.4996
0.4992
0.4988
0.4998
0.499
0.4993
0.4993
0.499
0.4995
0.4992
0.4996
0.499
0.4991
0.4987
0.4993
0.4993
0.4996
0.4984
0.4999
0.4989
0.4992
0.4994
0.4993
0.4994
0.4994
0.499
0.4994
0.499
0.5
0.4985
0.4992
0.4989
0.5001
0.4993
0.499
0.4997
0.4987
0.4994
0.4996
0.4987
0.4994
0.4996
0.4993
0.4994
0.5726
0.4249
0.4997
0.5001
0.6431
0.3547
0.4997
0.4996
0.4997
0.4986
0.4999
0.499
0.499
0.4998
0.4992
0.4991
0.4998
0.4989
0.4925
0.4998
0.499
0.4994
0.4996
0.4991
0.4992
0.4988
0.4997
0.4989
0.4997
0.499
0.4994
0.4992
0.4996
0.4993
0.4995
0.4992
0.4995
0.4993
0.4992
0.4989
0.4995
0.4996
0.4991
0.4985
0.5004
0.4991
0.4988
0.5
0.499
0.4994
0.4992
0.499
0.4994
0.4992
0.4989
0.4994
0.499
0.5004
0.4989
0.4992
0.4992
0.4997
0.4991
0.4991
0.4998
0.4988
0.4994
0.4993
0.4994
0.4989
0.4991
0.4998
0.4997
0.4988
0.4989
0.4998
0.4989
0.4996
0.4989
0.4992
0.4997
0.4995
0.4992
0.4995
0.4989
0.4995
0.4999
0.4989
0.4993
0.4997
0.499
0.4994
0.4994
0.4994
0.499
0.4994
0.4995
0.4994
0.4993
0.499
0.4995
0.4998
0.4989
0.4993
0.4995
0.4993
0.4998
0.4989
0.4996
0.5
0.4993
0.4996
0.4993
0.4995
0.4994
0.4989
0.4994
0.4991
0.4996
0.4997
0.499
0.4992
0.5003
0.4986
0.4996
0.4993
0.4994
0.4999
0.4993
0.4983
0.5004
0.4989
0.4988
0.4994
0.4992
0.4999
0.4997
0.4994
0.4995
0.5
0.4995
0.4995
0.4999
0.4994
0.4994
0.4997
0.4994
0.5003
0.4986
0.4998
0.4991
0.4992
0.4997
0.499
0.4999
0.4999
0.4995
0.4996
0.4994
0.4994
0.4999
0.4997
0.4993
0.4998
0.4995
0.4988
0.4994
0.4993
0.4993
0.4987
0.4996
0.4997
0.4992
0.4993
0.4995
0.4992
0.5001
0.4988
0.4996
0.4994
0.499
0.5
0.4993
0.4991
0.4966
0.5336
0.4653
0.499
0.4997
0.4992
0.4993
0.4991
0.5001
0.4994
0.4987
0.5
0.4992
0.4994
0.4992
0.4989
0.5002
0.4983
0.4992
0.4994
0.4992
0.4989
0.4996
0.4994
0.4999
0.4988
0.4995
0.4992
0.4992
0.4994
0.5299
0.4682
0.4996
0.4991
0.4995
0.4997
0.499
0.4993
0.4992
0.4995
0.4989
0.4991
0.4998
0.4993
0.499
0.4998
0.4988
0.5
0.4991
0.4995
0.4989
0.4999
0.4991
0.4998
0.4988
0.4997
0.4986
0.4998
0.4989
0.4998
0.4991
0.4997
0.4995
0.4991
0.4994
0.5004
0.499
0.4991
0.4992
0.4995
0.4999
0.4985
0.4999
0.4994
0.499
0.4992
0.4994
0.4998
0.4983
0.4995
0.4997
0.4989
0.4995
0.4995
0.4989
0.4988
0.4993
0.4989
0.4997
0.4991
0.4998
0.4989
0.4993
0.4986
0.4989
0.4963
0.5032
0.4953
0.4995
0.4987
0.4998
0.4989
0.4993
0.4999
0.4989
0.4993
0.4995
0.498
0.4997
0.4992
0.4989
0.4992
0.4987
0.4996
0.4991
0.4993
0.4992
0.4988
0.4993
0.4992
0.4988
0.4988
0.4994
0.4987
0.4998
0.4992
0.4993
0.4986
0.4996
0.4989
0.4994
0.4989
0.5008
0.4981
0.4994
0.4991
0.4988
0.499
0.4992
0.4994
0.4989
0.499
0.4993
0.4993
0.4987
0.4987
0.4995
0.499
0.4988
0.4995
0.4988
0.4991
0.5
0.4979
0.4996
0.4994
0.5
0.4981
0.498
0.4926
0.4982
0.4997
0.4996
0.4974
0.4969
0.4997
0.4985
0.5005
0.4981
0.4999
0.4987
0.4983
0.4997
0.4983
0.4988
1.3954
0.0021
0.0966
0.4996
0.4996
0.4988
0.4985
0.4991
0.5
0.4991
0.4997
0.4996
0.4997
0.4994
0.4994
0.4994
0.4997
0.4991
0.4996
0.5003
0.4958
0.4987
0.4997
0.4992
0.4994
0.4993
0.4994
0.4985
0.4996
0.4996
0.4996
0.4999
0.4996
0.4994
0.4997
0.4995
0.5002
0.4996
0.4995
0.4994
0.4999
0.4994
0.4995
0.5001
0.4993
0.5
0.4996
0.4996
0.4995
0.5002
0.5
0.498
0.4997
0.4997
0.4991
0.4999
0.4999
0.4995
0.4997
0.4994
0.4999
0.4995
0.4997
0.4997
0.4998
0.4995
0.4994
0.4996
0.4995
0.4995
0.4998
0.5
0.4992
0.4997
0.4997
0.4993
0.4996
0.4999
0.5
0.4994
0.4999
0.5
0.4987
0.4984
0.499
0.4997
0.4997
0.4996
0.4993
0.4998
0.4994
0.4996
0.4999
0.4997
0.4994
0.4997
0.4995
0.4997
0.5
0.4996
0.4997
0.4998
0.4994
0.4996
0.4998
0.4999
0.4992
0.4998
0.4995
0.4996
0.5
0.4994
0.5008
0.4981
0.4993
0.4995
0.4996
0.4999
0.4988
0.4999
0.4995
0.4997
0.4994
0.4997
0.4999
0.4994
0.4997
0.4999
0.4999
0.4993
0.4999
0.4996
0.4997
0.4995
0.4997
0.4997
0.4998
0.4993
0.4998
0.4997
0.4994
0.5
0.4992
0.5302
0.405
0.4989
0.4994
0.4995
0.4999
0.4995
0.4997
0.4996
0.4997
0.4993
0.5
0.4994
0.5001
0.4993
0.5002
0.4988
0.4997
0.4999
0.4997
0.4998
0.4995
0.4996
0.4997
0.4994
0.4999
0.4994
0.5001
0.494
0.4996
0.4995
0.501
0.4974
0.4998
0.4993
0.4996
0.5
0.4992
0.4997
0.4997
0.4995
0.4997
0.4996
0.4998
0.4991
0.4998
0.4997
0.5007
0.4931
0.4994
0.5
0.5016
0.4978
0.4982
0.4986
0.4998
0.4995
0.4999
0.4993
0.4998
0.4996
0.5005
0.5002
0.4944
0.5008
0.4949
0.4994
0.4996
0.5001
0.5001
0.4985
0.4995
0.4998
0.4995
0.4995
0.4998
0.4995
0.4996
0.4999
0.4991
0.4998
0.4997
0.4999
0.4994
0.4996
0.5
0.4995
0.4998
0.4996
0.4994
0.4999
0.4997
0.5021
0.4966
0.4996
0.4996
0.4994
0.4994
0.4998
0.4995
0.4997
0.4998
0.4996
0.4996
0.5
0.4998
0.4994
0.4994
0.4997
0.4998
0.4997
0.5
0.4992
0.4999
0.4991
0.4997
0.4998
0.5
0.4994
0.4999
0.4996
0.4996
0.4996
0.4994
0.495
0.4993
0.4989
0.5004
0.4982
0.4993
0.499
0.5
0.4994
0.4995
0.4992
0.4997
0.5001
0.4991
0.4992
0.5001
0.4992
0.4992
0.4998
0.4993
0.4996
0.4997
0.4995
0.4999
0.4991
0.4996
0.4999
0.5
0.4862
0.4994
0.5001
0.4995
0.5009
0.4986
0.498
0.499
0.4995
0.4998
0.4998
0.4996
0.4996
0.4996
0.5001
0.4992
0.4996
0.4994
0.4994
0.4997
0.5002
0.499
0.4998
0.4995
0.4995
0.4994
0.4999
0.4996
0.4995
0.4998
0.4995
0.5
0.4996
0.4994
0.4997
1.1804
0.0018
0.3159
0.4992
0.4999
0.4998
0.4997
0.52
0.479
0.4995
0.5001
0.4994
0.4996
0.4996
0.5
0.4929
0.4995
0.4996
0.4998
0.4999
0.499
0.4995
0.4997
0.5001
0.4993
0.5
0.4995
0.4996
0.4998
0.4996
0.4992
0.5008
0.4984
0.4992
0.499
0.4994
0.4996
0.4989
0.501
0.4914
0.4996
0.4993
0.4989
0.5001
0.4996
0.4992
0.4997
0.4999
0.4999
0.4994
0.5
0.4994
0.4994
0.4997
0.4998
0.4995
0.4995
0.4997
0.5001
0.4993
0.4998
0.4998
0.4996
0.4994
0.4993
0.4994
0.4996
0.4995
0.4995
0.4996
0.4998
0.4994
0.4998
0.4996
0.5006
0.4971
0.4994
0.5001
0.4994
0.4994
0.4998
0.4998
0.4994
0.4998
0.5003
0.4984
0.4995
0.4998
0.4993
0.4998
0.4993
0.4993
0.4997
0.4996
0.4999
0.5005
0.4983
0.4993
0.4997
0.5
0.4987
0.4998
0.4993
0.4997
0.4996
0.4994
0.4993
0.4995
0.4998
0.4995
0.4991
0.4997
0.4998
0.4997
0.4994
0.5176
0.4813
0.4994
0.5018
0.4972
0.4996
0.4996
0.4995
0.4999
0.5
0.4993
0.5002
0.499
0.4998
0.5016
0.4958
0.4998
0.4995
0.5
0.4989
0.4994
0.4998
0.4993
0.4998
0.4993
0.4998
0.4996
0.5008
0.4986
0.4994
0.4998
0.4993
0.4998
0.4999
0.4994
0.4996
0.4994
0.4998
0.4994
0.4999
0.4994
0.5003
0.5051
0.4918
0.4989
0.4999
0.499
0.4996
0.4998
0.4993
0.4996
0.4998
0.4997
0.4995
0.4995
0.4998
0.5004
0.4984
0.4998
0.4992
0.4995
0.4989
0.4997
0.4996
0.4996
0.4999
0.4995
0.4996
0.5
0.4993
0.521
0.4781
0.5001
0.4994
0.4997
0.5099
0.4827
0.5085
0.4884
0.4992
0.4999
0.4958
0.4995
0.5
0.4993
0.4999
0.5516
0.4475
0.4998
0.4994
0.5
0.4996
0.4984
0.4996
0.4993
0.5
0.4994
0.4994
0.4998
0.4998
0.4985
0.4995
0.4994
0.4999
0.4995
0.4994
0.4989
0.4993
0.4996
0.4995
0.5
0.4992
0.4997
0.4988
0.4991
0.4995
0.4989
0.4996
0.4994
0.4991
0.4997
0.4996
0.4995
0.4992
0.5
0.4997
0.4992
0.4998
0.4996
0.4996
0.4996
0.4997
0.5362
0.4619
0.4996
0.4984
0.5009
0.4984
0.4996
0.4989
0.499
0.501
0.4983
0.499
0.4996
0.5017
0.4966
0.4994
0.4994
0.4996
0.4998
0.4995
0.5003
0.4998
0.4987
0.4992
0.4996
0.4993
0.4991
0.4991
0.4996
0.4987
0.5001
0.4995
0.4993
0.5002
0.4994
0.5006
0.4994
0.4987
0.4995
0.4994
0.4994
0.4997
0.4997
0.4993
0.5001
0.4993
0.4998
0.4992
0.4999
0.4996
0.4994
0.4998
0.4995
0.4995
0.4998
0.4994
0.4995
0.4996
0.4996
0.4994
0.4998
0.4997
0.4995
0.4994
0.4997
0.499
0.5004
0.4991
0.4989
0.4997
0.4996
0.4995
0.4994
0.4996
0.4993
0.4997
0.4991
0.5
0.4996
0.4999
0.4991
0.4996
0.4995
0.4997
0.4993
0.4997
0.5003
0.4966
0.4992
0.4999
0.4995
0.4995
0.4994
0.4999
0.4992
0.5059
0.4929
0.4991
0.4992
0.4993
0.4993
0.4998
0.4994
0.4988
0.4993
0.4994
0.4921
0.4994
0.4991
0.4995
0.4993
0.4995
0.4995
0.4997
0.4993
0.4991
0.499
0.4992
0.4996
0.4998
0.4994
0.4999
0.4998
0.4996
0.4995
0.4995
0.5001
0.4996
0.4994
0.4994
0.4989
0.4992
0.4997
0.4996
0.5001
0.499
0.4999
0.4995
0.4999
0.4992
0.4993
0.4999
0.4996
0.4996
0.4997
0.4994
0.4994
0.4992
0.5
0.499
0.4998
0.4997
0.4997
0.4999
0.4997
0.4992
0.4995
0.4998
0.4994
0.5006
0.4987
0.4992
0.4995
0.4997
0.4995
0.4998
0.4996
0.4997
0.4999
0.4992
0.4999
0.499
0.5001
0.4995
0.4996
0.4997
0.4994
0.4996
0.4997
0.4996
0.4993
0.4989
0.4997
0.4997
0.4994
0.4996
0.4995
0.4996
0.4997
0.4997
0.4997
0.5005
0.4983
0.499
0.5004
0.499
0.4992
0.4992
0.4994
0.4993
0.499
0.4997
0.4993
0.4995
0.4995
0.4994
0.4992
0.4993
0.4998
0.499
0.4993
0.4993
0.4995
0.4992
0.4994
0.4984
0.4999
0.4993
0.4998
0.4999
0.4993
0.4994
0.501
0.4978
0.499
0.4994
0.4994
0.4988
0.4997
0.4987
0.4992
0.4991
0.4995
0.4992
0.4991
0.4991
0.4995
0.4987
0.5
0.499
0.4994
0.4993
0.4995
0.4991
0.4992
0.4993
0.4994
0.4991
0.4989
0.4998
0.4991
0.4993
0.4989
0.4993
0.4998
0.4991
0.4995
0.4994
0.5003
0.4987
0.4997
0.5001
0.4991
0.4995
0.5004
0.499
0.5002
0.4993
0.4996
0.4994
0.5002
0.499
0.5095
0.4899
0.4995
0.4999
0.4994
0.5
0.4993
0.4998
0.4995
0.4996
0.4996
0.4937
0.4999
0.4995
0.4996
0.4999
0.4993
0.4997
0.4999
0.4994
0.4997
0.4994
0.4998
0.4996
0.4999
0.4996
0.4995
0.4997
0.4998
0.4995
0.4999
0.4995
0.4997
0.4995
0.4994
0.4995
0.4998
0.4997
0.4993
0.5002
0.4992
0.4997
0.4996
0.4993
0.5002
0.5008
0.4982
0.4991
0.4999
0.4999
0.499
0.4989
0.4998
0.4994
0.4996
0.4997
0.4996
0.4994
0.4998
0.4998
0.4991
0.5
0.4996
0.4998
0.4995
0.5001
0.4996
0.4997
0.4993
0.4998
0.4994
0.4996
0.4994
0.4997
0.4996
0.4999
0.499
0.4993
0.5
0.4995
0.4995
0.5001
0.4993
0.4997
0.4997
0.4992
0.5043
0.4931
0.4993
0.4999
0.4995
0.4998
0.4999
0.499
0.4993
0.5002
0.4994
0.4998
0.499
0.4992
0.4994
0.4994
0.5001
0.4989
0.4997
0.4997
0.4999
0.4997
0.4988
0.4999
0.4995
0.4996
0.4998
0.4997
0.4997
0.4996
0.4996
0.4998
0.4997
0.5032
0.4957
0.4995
0.4997
0.5
0.5032
0.4951
0.4997
0.4997
0.4997
0.4997
0.4996
0.5
0.4989
0.4996
0.4993
0.4991
0.4996
0.4998
0.5001
0.4991
0.4996
0.4999
0.4993
0.5001
0.4994
0.4999
0.4998
0.4995
0.4996
0.4997
0.5
0.4996
0.4995
0.4995
0.4996
0.5003
0.4992
0.4991
0.4999
0.4994
0.4998
0.4995
0.4999
0.4993
0.4999
0.4996
0.4991
0.4997
0.4998
0.5042
0.4803
0.4996
0.4992
0.4994
0.4997
0.499
0.4994
0.4995
0.4999
0.4994
0.4995
0.4996
0.4996
0.5
0.4993
0.4994
0.4996
0.499
0.4995
0.4995
0.4998
0.4995
0.4997
0.4996
0.5003
0.4991
0.4995
0.4997
0.4994
0.4995
0.5
0.4995
0.4987
0.4999
0.4991
0.4995
0.5
0.4992
0.4995
0.4998
0.4999
0.4996
0.4997
0.4995
0.4999
0.5
0.4989
0.4994
0.5
0.4996
0.4995
0.4995
0.4996
0.4994
0.5001
0.4996
0.4992
0.5002
0.4996
0.4997
0.4991
0.5
0.4993
0.4993
0.4987
0.4985
0.4998
0.4995
0.4995
0.4996
0.4998
0.4994
0.4994
0.5001
0.4995
0.4993
0.4997
0.4995
0.4996
0.4997
0.4997
0.4998
0.4994
0.4997
0.4998
0.4994
0.4995
0.4998
0.4998
0.4995
0.4994
0.5
0.4991
0.4989
0.4989
0.4999
0.4995
0.498
0.5003
0.4975
0.4992
0.4997
0.499
0.4991
0.5014
0.4971
0.4989
0.499
0.4989
0.4993
0.4997
0.4991
0.4992
0.4992
0.4991
0.4994
0.4999
0.4995
0.4992
0.4999
0.4991
0.4996
0.4991
0.4991
0.4995
0.4997
0.4987
0.5002
0.5002
0.4982
0.4994
0.499
0.4993
0.4995
0.4994
0.4987
0.4995
0.4994
0.4991
0.4994
0.4992
0.4996
0.4989
0.4998
0.4991
0.499
0.499
0.4999
0.4986
0.4996
0.4997
0.5049
0.4933
0.5045
0.4872
0.4996
0.4997
0.4998
0.4994
0.5001
0.4995
0.4982
0.4993
0.4996
0.499
0.4994
0.4992
0.4996
0.4998
0.4998
0.4993
0.5
0.4995
0.4996
0.4998
0.4999
0.4939
0.4993
0.4998
0.5
0.4994
0.4997
0.4996
0.5006
0.4971
0.4995
0.4997
0.4997
0.4997
0.4992
0.4997
0.4998
0.4995
0.4998
0.4996
0.4998
0.4998
0.4993
0.4996
0.4997
0.4996
0.4997
0.4993
0.4998
0.4997
0.4997
0.4992
0.4998
0.4997
0.5
0.4991
0.4999
0.4993
0.5
0.4993
0.5019
0.4928
0.4992
0.4993
0.4998
0.4994
0.4998
0.4996
0.5001
0.4991
0.5002
0.4995
0.4987
0.4998
0.4997
0.4997
0.4994
0.4996
0.4996
0.4998
0.4995
0.4994
0.5002
0.4992
0.4994
0.4998
0.5002
0.499
0.4996
0.4994
0.4996
0.4999
0.4992
0.5003
0.4987
0.5
0.4993
0.4996
0.4994
0.4997
0.4993
0.5
0.4996
0.4995
0.4997
0.4993
0.4995
0.4995
0.4996
0.4994
0.5001
0.4992
0.4998
0.4997
0.4993
0.4996
0.4997
0.4993
0.5002
0.4993
0.5002
0.4987
0.4992
0.4989
0.4991
0.4999
0.4992
0.4998
0.4994
0.4979
0.4992
0.4996
0.4988
0.4997
0.4991
0.4993
0.4995
0.4991
0.5041
0.495
0.4993
0.4982
0.4986
0.4992
0.4995
0.4994
0.4997
0.4996
0.4993
0.4989
0.4991
0.4997
0.499
0.4996
0.4997
0.4995
0.4988
0.4996
0.5
0.4994
0.4997
0.4992
0.4994
0.4997
0.4986
0.4997
0.4993
0.499
0.4996
0.4998
0.4991
0.4993
0.4995
0.4997
0.5
0.4984
0.4999
0.499
0.4991
0.4998
0.4992
0.4994
0.4994
0.4996
0.4999
0.4984
0.5115
0.4873
0.4849
0.499
0.4993
0.4998
0.4998
0.4993
0.4997
0.4999
0.4995
0.5
0.4995
0.4996
0.4998
0.4996
0.4997
0.4995
0.4998
0.4999
0.4991
0.4997
0.4998
0.4998
0.4995
0.5
0.4995
0.4996
0.4995
0.4998
0.4993
0.4996
0.4997
0.4997
0.4998
0.4996
0.4996
0.4996
0.4996
0.4999
0.4998
0.4994
0.4994
0.4997
0.4997
0.4997
0.4991
0.4998
0.4995
0.4997
0.4998
0.4996
0.5
0.4985
0.4999
0.4995
0.4989
0.5
0.4992
0.5003
0.4993
0.4991
0.4995
0.5001
0.4992
0.4998
0.4997
0.4994
0.4999
0.4993
0.4999
0.4993
0.4999
0.4997
0.4998
0.4992
0.4998
0.4996
0.4998
0.4996
0.4997
0.5
0.4998
0.4995
0.4997
0.4995
0.4996
0.4992
0.4995
0.4995
0.501
0.4989
0.4988
0.4993
0.4995
0.4988
0.4994
0.499
0.4996
0.4986
0.4996
0.4996
0.4994
0.499
0.4997
0.4993
0.4993
0.4994
0.4995
0.4988
0.4993
0.4995
0.4993
0.4985
0.5
0.5037
0.4948
0.499
0.4995
0.4992
0.501
0.4977
0.5007
0.4919
0.5003
0.4987
0.4998
0.4998
0.4994
0.4996
0.4992
0.4996
0.5006
0.4984
0.5002
0.4988
0.4989
0.4995
0.4999
0.4988
0.4922
0.4994
0.4997
0.4997
0.4998
0.4992
0.4996
0.4998
0.4994
0.4999
0.4996
0.4997
0.4995
0.4993
0.4999
0.4992
0.4998
0.4997
0.4994
0.4987
0.4996
0.4998
0.4995
0.4999
0.4992
0.4998
0.4997
0.4993
0.5
0.4994
0.4997
0.4995
0.4995
0.4997
0.5001
0.4994
0.4998
0.4989
0.4999
0.4987
0.4996
0.4995
0.5002
0.4995
0.4991
0.5013
0.4909
0.5028
0.4951
0.4991
0.4991
0.499
0.4996
0.4993
0.4995
0.4992
0.4995
0.4995
0.4991
0.4997
0.4995
0.5003
0.4989
0.4993
0.4995
0.5
0.4996
0.4991
0.5001
0.4994
0.4995
0.4995
0.4997
0.5
0.4992
0.4992
0.4995
0.4998
0.4999
0.4996
0.5057
0.4928
0.4996
0.4996
0.4995
0.4998
0.4991
0.5
0.4992
0.499
0.4996
0.4999
0.4993
0.4998
0.4993
0.5024
0.4964
0.5
0.4994
0.4995
0.4997
0.4969
0.499
0.4999
0.5002
0.4983
0.4996
0.5027
0.4928
0.4994
0.4997
0.4992
0.4992
0.4998
0.4992
0.4992
0.4999
0.5
0.4993
0.4997
0.4996
0.4998
0.4991
0.5
0.4992
0.4997
0.4998
0.4998
0.4999
0.4993
0.4997
0.4992
0.4999
0.4995
0.4996
0.5001
0.4995
0.4987
0.4989
0.4999
0.4995
0.4999
0.4995
0.4996
0.4996
0.5002
0.499
0.5005
0.4981
0.4996
0.4997
0.4991
0.4997
0.4997
0.4998
0.5248
0.474
0.4997
0.4999
0.4994
0.4996
0.4997
0.4995
0.4998
0.4998
0.5001
0.4994
0.4988
0.4997
0.4995
0.4998
0.4998
0.4996
0.4998
0.4998
0.4994
0.4997
0.4998
0.4997
0.5033
0.4889
0.4993
0.4996
0.4996
0.4996
0.5004
0.4989
0.4988
0.4995
0.4991
0.4995
0.4995
0.4997
0.4997
0.4995
0.4992
0.4997
0.4993
0.5001
0.4982
0.4995
0.4998
0.4992
0.5
0.4995
0.4997
0.4996
0.4902
0.4995
0.4996
0.4997
0.4999
0.4994
0.4994
0.4995
0.4996
0.4998
0.4996
0.4996
0.4997
0.4998
0.4994
0.4996
0.4994
0.4993
0.4995
0.4999
0.4993
0.4997
0.5002
0.4991
0.4998
0.4993
0.4999
0.4995
0.5003
0.5087
0.4854
0.4997
0.4995
0.4987
0.4998
0.4991
0.4988
0.4994
0.4997
0.4989
0.4993
0.4985
0.4998
0.4984
0.4998
0.4988
0.4991
0.4994
0.4996
0.499
0.4997
0.4994
0.4994
0.4988
0.4992
0.5
0.4987
0.4998
0.4993
0.4996
0.4996
0.4988
0.4996
0.5001
0.4988
0.4992
0.4995
0.499
0.4995
0.4993
0.4992
0.9793
0.0177
1.9576
0.0019
0.0017
0.0355
0.4997
0.4993
0.4988
0.4995
0.4993
0.4989
0.4994
0.4993
0.4999
0.4992
0.4985
0.4999
0.4993
0.4991
0.4996
0.4987
0.4991
0.4989
0.4995
0.4996
0.4995
0.4997
0.4996
0.4998
0.4996
0.4994
0.4996
0.4999
0.4995
0.4995
0.5
0.4992
0.4997
0.4999
0.4995
0.4995
0.4996
0.4997
0.4998
0.4997
0.4997
0.4988
0.499
0.4994
0.4994
0.4991
0.4997
0.4999
0.4998
0.4996
0.4998
0.4997
0.4994
0.4994
0.4998
0.4999
0.4994
0.4999
0.4996
0.4996
0.4997
0.4994
0.4996
0.4997
0.4996
0.4993
0.4997
0.4995
0.5001
0.4997
0.5002
0.4985
0.4999
0.4993
0.4994
0.4992
0.4992
0.4999
0.4987
0.4995
0.499
0.4997
0.4992
0.4998
0.4992
0.4997
0.4994
0.5133
0.4851
0.4998
0.5002
0.4955
0.4993
0.4987
0.4995
0.4998
0.4997
0.4994
0.5
0.4994
0.501
0.498
0.4982
0.4999
0.4998
0.4993
0.4998
0.4998
0.4997
0.4994
0.4996
0.499
0.4995
0.4997
0.4998
0.4995
0.4997
0.4993
0.4996
0.4996
0.4998
0.4996
0.4996
0.4997
0.4993
0.5002
0.4991
0.4999
0.499
0.4998
0.4998
0.4991
0.5011
0.498
0.4993
0.4985
0.4996
0.4999
0.4993
0.4986
0.4993
0.4991
0.5001
0.4997
0.4991
0.4987
0.4994
0.4999
0.4991
0.4994
0.4995
0.5013
0.4954
0.4992
0.4998
0.499
0.5002
0.4992
0.4991
0.5002
0.4978
0.5004
0.5015
0.4979
0.5
0.4959
0.4996
0.4995
0.4992
0.4987
0.4993
0.5001
0.4994
0.4989
0.499
0.4993
0.4986
0.4988
0.4987
0.4993
0.4978
0.4987
0.4988
0.4992
0.4993
0.4988
0.4989
0.4993
0.4995
0.4983
0.4992
0.4993
0.4984
0.4991
0.4988
0.4995
0.4987
0.4991
0.4993
0.4984
0.4984
0.4991
0.4965
0.4991
0.4974
0.498
0.4996
0.4985
0.499
0.4993
0.4991
0.4986
0.4999
0.4993
0.4993
0.4991
0.499
0.4991
0.5009
0.4895
0.5217
0.476
0.4996
0.4994
0.4948
0.5001
0.4986
0.4997
0.4997
0.4997
0.4996
0.4998
0.4999
0.4997
0.4993
0.4998
0.4996
0.4994
0.4998
0.5002
0.499
0.4976
0.4997
0.4996
0.4996
0.4995
0.4996
0.4998
0.4997
0.4995
0.4996
0.4995
0.4998
0.4995
0.4996
0.4993
0.5578
0.4414
0.4981
0.4995
0.4996
0.4996
0.4997
0.4995
0.4999
0.4999
0.4996
0.4993
0.4995
0.4997
0.4993
0.4998
0.4995
0.4999
0.4997
0.4993
0.4996
0.4997
0.4998
0.4994
0.4995
0.4999
0.4995
0.4997
0.4997
0.4996
0.4999
0.4997
0.4999
0.499
0.4997
0.4995
0.4995
0.4996
0.4998
0.4994
0.4996
0.4997
0.4995
0.4997
0.4996
0.4998
0.4998
0.4997
0.4994
0.4997
0.4998
0.4996
0.4998
0.5
0.499
0.4999
0.4989
0.4993
0.4986
0.4992
0.4996
0.4997
0.4996
0.5003
0.499
0.4996
0.4995
0.4996
0.5005
0.4982
0.4999
0.4992
0.4999
0.4994
0.4998
0.4994
0.4996
0.4998
0.4995
0.4994
0.4997
0.4993
0.4998
0.4999
0.4993
0.4989
0.4989
0.4994
0.4993
0.4989
0.4985
0.4996
0.4996
0.4997
0.5161
0.4823
0.4997
0.4996
0.4997
0.4994
0.5002
0.4997
0.4995
0.4995
0.4997
0.4996
0.4996
0.4993
0.4994
0.4989
0.4994
0.4987
0.4999
0.4991
0.4991
0.4993
0.4995
0.4989
0.4996
0.499
0.4994
0.4991
0.4997
0.4998
0.4994
0.4993
0.5
0.4989
0.4994
0.4996
0.4998
0.4997
0.4997
0.4997
0.4994
0.4997
0.4995
0.4996
0.4996
0.4996
0.4992
0.4997
0.4997
0.4992
0.5
0.4992
0.5048
0.4791
0.5001
0.4996
0.4993
0.4996
0.4995
0.4994
0.5007
0.4995
0.4991
0.4988
0.4999
0.4984
0.4994
0.4995
0.4983
0.499
0.4994
0.4994
0.4994
0.4989
0.4991
0.4991
0.4994
0.4989
0.4989
0.499
0.4988
0.4993
0.4993
0.5001
0.4987
0.4934
0.4989
0.4988
0.4987
0.4989
0.4999
0.4991
0.4985
0.4989
0.4984
0.4988
0.4992
0.4984
0.499
0.4989
0.4994
0.4996
0.4994
0.4997
0.4989
0.4992
0.4983
0.4987
0.4993
0.4985
0.4993
0.4988
0.4991
0.4994
0.4984
0.4995
0.4989
0.4985
0.4992
0.4985
0.4991
0.4998
0.4986
0.4998
0.498
0.4993
0.4989
0.4994
0.4991
0.4993
0.4984
0.4995
0.4992
0.4992
0.4998
0.4992
0.4996
0.4997
0.4996
0.4991
0.5
0.4987
0.4987
0.499
0.4999
0.499
0.4988
0.4983
0.499
0.4996
0.4989
0.4991
0.4997
0.4993
0.5028
0.4962
0.4992
0.499
0.5
0.4991
0.5075
0.9229
0.066
0.5001
0.4993
0.4984
0.4988
0.4999
0.4991
0.4988
0.4991
0.4992
0.4991
0.5389
0.4582
0.4996
0.4983
0.4994
0.4993
0.4985
0.4999
0.4989
0.4984
0.5
0.4991
0.5006
0.5139
0.4835
0.5008
0.4971
0.4995
0.4994
0.4994
0.4999
0.4994
0.4995
0.4996
0.5005
0.499
0.4992
0.4986
0.4996
0.4994
0.4998
0.4994
0.5005
0.4989
0.4987
0.4993
0.4996
0.4988
0.5004
0.4989
0.4993
0.4989
0.4996
0.499
0.4996
0.4999
0.499
0.5032
0.4954
0.4989
0.4992
0.4995
0.4988
0.4997
0.4989
0.4997
0.4994
0.499
0.4961
0.501
0.4977
0.4996
0.4998
0.4995
0.4997
0.4995
0.4995
0.5001
0.499
0.5003
0.4987
0.4992
0.4993
0.4997
0.4998
0.51
0.4888
0.4998
0.4992
0.4999
0.499
0.4998
0.5101
0.4889
0.4996
0.4991
0.4997
0.4999
0.4997
0.4996
0.4996
0.4996
0.5
0.5
0.4992
0.4995
0.4993
0.4999
0.4996
0.5003
0.4984
0.499
0.5005
0.499
0.4977
0.5003
0.4978
0.4992
0.5
0.4989
0.4998
0.5019
0.4955
0.5061
0.4926
0.4992
0.4995
0.4991
0.4996
0.5019
0.4941
0.4993
0.4995
0.4994
0.499
0.4993
0.4998
0.4993
0.4997
0.501
0.4981
0.4998
0.4995
0.4995
0.4997
0.4994
0.5004
0.4986
0.4992
0.4994
0.4999
0.4994
0.5005
0.5166
0.4813
0.4993
0.4996
0.4998
0.4996
0.4996
0.5001
0.4995
0.4996
0.4983
0.4999
0.4992
0.4998
0.4994
0.4995
0.5004
0.4989
0.499
0.5001
0.4996
0.4994
0.5006
0.4981
0.4909
0.5
0.4984
0.4992
0.4998
0.499
0.4993
0.4995
0.5001
0.4995
0.4997
0.4994
0.4998
0.4997
0.4999
0.4994
0.4997
0.5001
0.4996
0.4996
0.4997
0.4997
0.5266
0.4727
0.4999
0.4996
0.4998
0.4996
0.4994
0.4999
0.4998
0.4998
0.4984
0.4996
0.4998
0.4995
0.5
0.4994
0.4997
0.4995
0.4991
0.4998
0.4995
0.4997
0.4997
0.5
0.4995
0.4994
0.4995
0.5036
0.4941
0.4999
0.4994
0.4993
0.4996
0.4999
0.4994
0.5
0.4994
0.4996
0.4997
0.5014
0.4885
0.5
0.4996
0.5005
0.4963
0.4994
0.4999
0.4994
0.4848
0.5013
0.4979
0.4996
0.4997
0.4995
0.4997
0.4997
0.4998
0.4994
0.5
0.4993
0.4997
0.4998
0.4995
0.5001
0.4995
0.4994
0.4998
0.4995
0.5
0.4996
0.4994
0.5007
0.4981
0.4994
0.4995
0.5
0.4996
0.4991
0.4997
0.4995
0.4997
0.4998
0.4994
0.4993
0.4998
0.4995
0.5
0.4995
0.4996
0.4998
0.4996
0.4997
0.4995
0.4997
0.4988
0.4996
0.4999
0.5
0.4995
0.4994
0.4999
0.4997
0.5015
0.4952
0.499
0.4993
0.4998
0.5022
0.4844
0.4987
0.4999
0.4994
0.5
0.4994
0.4997
0.4999
0.4995
0.4995
0.4997
0.4996
0.4998
0.4997
0.4994
0.4999
0.4999
0.4995
0.4994
0.5
0.4993
0.4998
0.4994
0.5
0.4996
0.5003
0.4986
0.4993
0.4996
0.4999
0.4997
0.4995
0.4997
0.4996
0.4996
0.4998
0.4995
0.4996
0.5002
0.4991
0.4994
0.4996
0.4996
0.4995
0.5
0.4993
0.4998
0.4995
0.5
0.4993
0.4996
0.4997
0.4999
0.4994
0.4997
0.4994
0.5003
0.5003
0.498
0.4998
0.4997
0.5158
0.4834
0.5001
0.4992
0.5
0.4995
0.4998
0.4995
0.4997
0.4996
0.4999
0.4996
0.4994
0.5
0.4996
0.4996
0.4997
0.4997
0.4996
0.4998
0.4995
0.4999
0.4995
0.4997
0.4995
0.4997
0.5067
0.4838
0.4993
0.4999
0.4997
0.4996
0.4995
0.4997
0.5
0.4997
0.4995
0.4998
0.4995
0.5
0.4995
0.4995
0.5
0.4995
0.4995
0.4999
0.4996
0.4999
0.4996
0.4994
0.4998
0.4997
0.4998
0.4994
0.4994
0.4998
0.4995
0.5006
0.4984
0.4997
0.4994
0.4996
0.4996
0.4997
0.4998
0.4995
0.4926
0.4995
0.4997
0.4995
0.4997
0.4996
0.4998
0.4998
0.4997
0.4993
0.4999
0.4998
0.4994
0.4995
0.5
0.4993
0.4998
0.4995
0.5
0.4997
0.4995
0.4997
0.4996
0.4992
0.4997
0.4998
0.4993
0.4998
0.5002
0.4991
0.4995
0.4999
0.4997
0.4998
0.4996
0.4996
0.4994
0.4996
0.4998
0.4996
0.5001
0.4997
0.4993
0.4998
0.4998
0.4995
0.4995
0.4999
0.4996
0.4998
0.4997
0.4998
0.4993
0.4997
0.5008
0.4984
0.4995
0.4996
0.5001
0.4995
0.4994
0.4997
0.5
0.4993
0.4997
0.4997
0.4998
0.4999
0.4996
0.4995
0.4999
0.4997
0.4996
0.4996
0.4999
0.4996
0.4996
0.4998
0.4995
0.5
0.4994
0.4998
0.4996
0.4999
0.4996
0.5
0.4995
0.4954
0.5001
0.4991
0.4997
0.4994
0.4996
0.4997
0.4998
0.4995
0.4999
0.4994
0.4997
0.4998
0.4995
0.4999
0.4994
0.4998
0.4994
0.4997
0.4998
0.4999
0.4996
0.4998
0.4994
0.4998
0.5004
0.4989
0.4997
0.4997
0.4996
0.5012
0.498
0.4992
0.4996
0.4994
0.499
0.4996
0.509
0.4897
0.4993
0.4995
0.4987
0.5079
0.4904
0.4997
0.4994
0.4999
0.4995
0.4997
0.4995
0.4999
0.4996
0.4994
0.4998
0.4997
0.4999
0.4994
0.4999
0.4997
0.4993
0.5
0.4997
0.4997
0.4993
0.4999
0.4995
0.4995
0.4998
0.4996
0.4997
0.4993
0.4998
0.4998
0.4999
0.4996
0.4996
0.5107
0.4884
0.4996
0.4996
0.4996
0.4997
0.4999
0.4993
0.4997
0.4999
0.4997
0.4995
0.4997
0.4997
0.5
0.4995
0.4995
0.4994
0.5
0.4997
0.4989
0.5051
0.4944
0.4994
0.5003
0.4991
0.4993
0.5
0.4993
0.4997
0.4997
0.4994
0.4993
0.5001
0.4995
0.4994
0.4998
0.4994
0.5
0.4997
0.4992
0.4999
0.4997
0.4999
0.4991
0.4995
0.5
0.4994
0.5001
0.4989
0.4994
0.4995
0.4996
0.4997
0.4994
0.4996
0.4998
0.4997
0.4995
0.4998
0.4996
0.4997
0.4997
0.4994
0.4998
0.4997
0.4997
0.4998
0.4997
0.4996
0.4997
0.4993
0.5
0.4998
0.4995
0.4998
0.4995
0.4998
0.4996
0.5
0.4997
0.4996
0.4993
0.4999
0.4991
0.4999
0.4996
0.4997
0.4998
0.4998
0.4996
0.4998
0.4995
0.4996
0.4998
0.4996
0.4997
0.4999
0.4994
0.4997
0.4999
0.4995
0.4997
0.4996
0.4997
0.4998
0.4999
0.4996
0.4998
0.4993
0.5002
0.4995
0.4992
0.5028
0.4966
0.4993
0.5
0.4992
0.4998
0.4995
0.4999
0.4994
0.4995
0.4997
0.4997
0.4999
0.4996
0.4996
0.4996
0.4997
0.4996
0.5001
0.4994
0.4993
0.4999
0.4999
0.4993
0.4997
0.4998
0.4997
0.4999
0.4994
0.4998
0.4993
0.4999
0.4997
0.4998
0.4997
0.4996
0.4996
0.4997
0.4996
0.4998
0.4994
0.4999
0.4994
0.4998
0.4994
0.4999
0.4997
0.4998
0.4997
0.4993
0.4999
0.4997
0.4996
0.4997
0.5
0.4995
0.4997
0.4999
0.4993
0.5047
0.4948
0.4991
0.5001
0.4993
0.4995
0.499
0.4998
0.4997
0.4996
0.4996
0.4993
0.4997
0.4998
0.4989
0.4998
0.4998
0.4995
0.4995
0.4997
0.4995
0.4996
0.4998
0.4996
0.4996
0.4997
0.4997
0.4996
0.4994
0.5001
0.4995
0.4995
0.4999
0.4999
0.4994
0.4994
0.4996
0.4995
0.5
0.4995
0.4994
0.5
0.4996
0.4996
0.4996
0.4996
0.5
0.4997
0.4993
0.4998
0.4999
0.4994
0.5001
0.4994
0.4996
0.4998
0.4995
0.5001
0.4996
0.4996
0.4993
0.4999
0.4997
0.4999
0.5001
0.499
0.4998
0.4991
0.4998
0.5001
0.4994
0.4997
0.4996
0.4997
0.4993
0.4994
0.4998
0.4997
0.4997
0.4995
0.4998
0.4994
0.4996
0.4997
0.4997
0.4998
0.4996
0.4996
0.4998
0.4995
0.4999
0.4993
0.4997
0.4995
0.4999
0.4997
0.4999
0.4995
0.4992
0.4994
0.4999
0.4996
0.4997
0.4994
0.4998
0.4998
0.4994
0.4999
0.4998
0.5004
0.4986
0.4994
0.4997
0.4996
0.4999
0.4995
0.4998
0.4994
0.5
0.4996
0.4997
0.4995
0.4998
0.4996
0.4996
0.4995
0.4997
0.5001
0.5006
0.4977
0.4996
0.4998
0.4995
0.5
0.4993
0.4997
0.4998
0.4996
0.4997
0.4999
0.4996
0.4995
0.4996
0.4995
0.4997
0.4999
0.4995
0.4996
0.4999
0.4996
0.4994
0.4999
0.4998
0.4993
0.4999
0.4993
0.5
0.4994
0.5
0.4998
0.4987
0.4997
0.4995
0.4998
0.4995
0.4996
0.4998
0.4995
0.5
0.4996
0.4995
0.5001
0.4996
0.4997
0.4996
0.4995
0.4999
0.4945
0.4998
0.4993
0.4997
0.4999
0.4995
0.4996
0.4997
0.4996
0.4999
0.4995
0.4997
0.4998
0.4997
0.4997
0.4997
0.4998
0.4989
0.4996
0.4994
0.5002
0.499
0.4999
0.4999
0.5
0.4992
0.4938
0.4995
0.4998
0.4996
0.4995
0.4997
0.4995
0.4996
0.4996
0.4997
0.4995
0.4997
0.4998
0.4993
0.4999
0.4997
0.4993
0.4999
0.4996
0.5026
0.4856
0.4994
0.5028
0.4965
0.5069
0.4914
0.4995
0.4996
0.4997
0.4998
0.4994
0.5001
0.4993
0.5001
0.4995
0.4993
0.4996
0.4999
0.4996
0.4996
0.4994
0.4997
0.5
0.4995
0.4998
0.4994
0.4997
0.4996
0.5
0.4996
0.4993
0.5008
0.4983
0.4989
0.4994
0.5044
0.4913
0.5016
0.4947
0.4997
0.4984
0.4993
0.4996
0.4996
0.4994
0.4989
0.499
0.5
0.4989
0.4994
0.4994
0.4998
0.4919
0.4982
0.4995
0.4994
0.5
0.4995
0.4992
0.4997
0.4995
0.4999
0.4997
0.4997
0.4985
0.4995
0.4998
0.4992
0.4996
0.5
0.4993
0.4998
0.4998
0.4995
0.4999
0.4995
0.4997
0.4997
0.4995
0.4999
0.4994
0.4998
0.4999
0.4998
0.4993
0.5
0.4993
0.4998
0.4999
0.4995
0.4999
0.4993
0.5
0.4994
0.5037
0.493
0.5
0.5029
0.4948
0.4996
0.4999
0.4994
0.4999
0.4994
0.4998
0.4995
0.4997
0.4999
0.4995
0.4995
0.5
0.4996
0.4996
0.4997
0.4993
0.4997
0.513
0.4861
0.4998
0.4996
0.4996
0.4996
0.4999
0.4996
0.4995
0.5001
0.4996
0.499
0.4997
0.4996
0.5
0.4996
0.4996
0.4998
0.4998
0.4993
0.4999
0.4993
0.4999
0.4994
0.5
0.4996
0.4997
0.4997
0.4999
0.4997
0.4996
0.4996
0.4995
0.5
0.4994
0.4999
0.4995
0.4997
0.4994
0.4996
0.5001
0.4993
0.4994
0.4997
0.4995
0.4999
0.4993
0.4999
0.4995
0.5
0.4995
0.4996
0.4998
0.4998
0.4994
0.4997
0.5001
0.4993
0.5001
0.4995
0.4999
0.4996
0.4994
0.5
0.4995
0.4999
0.4997
0.4995
0.4997
0.5003
0.4992
0.4988
0.4996
0.4999
0.4998
0.4995
0.4997
0.4998
0.4997
0.4995
0.5
0.4996
0.4995
0.4996
0.4999
0.4995
0.4999
0.4997
0.4995
0.4999
0.4997
0.4995
0.4998
0.4994
0.4997
0.5
0.4996
0.4997
0.4993
0.4999
0.4996
0.4999
0.4992
0.4997
0.4993
0.4997
0.4997
0.4995
0.5
0.4995
0.4995
0.4996
0.4996
0.5
0.4996
0.4996
0.4998
0.4996
0.4997
0.4995
0.4996
0.4997
0.4999
0.4996
0.4998
0.4996
0.4996
0.4995
0.4997
0.4998
0.5
0.4993
0.5001
0.4999
0.4988
0.5001
0.4998
0.4986
0.4996
0.4999
0.4999
0.4994
0.4998
0.4998
0.4993
0.4997
0.4996
0.4995
0.4996
0.4999
0.4992
0.4994
0.5
0.4995
0.4997
0.4998
0.4995
0.4992
0.4997
0.4999
0.4994
0.4999
0.4995
0.4996
0.4998
0.5056
0.4832
0.4996
0.5
0.4998
0.4994
0.5349
0.4644
0.4997
0.4997
0.4998
0.4994
0.4999
0.4994
0.5001
0.4994
0.4999
0.4995
0.4997
0.4996
0.4996
0.4996
0.4999
0.4994
0.4999
0.4995
0.4999
0.4995
0.4998
0.4998
0.4997
0.5001
0.4994
0.499
0.4998
0.4996
0.4999
0.4993
0.4999
0.4997
0.4995
0.5
0.4994
0.5
0.4997
0.4996
0.4995
0.4995
0.4997
0.4998
0.4998
0.4994
0.4999
0.4999
0.4996
0.4995
0.4999
0.4994
0.5
0.4994
0.4998
0.4997
0.4997
0.499
0.4998
0.4994
0.4999
0.4998
0.4996
0.4996
0.4993
0.4997
0.4997
0.4999
0.4998
0.4998
0.4994
0.4998
0.4997
0.4996
0.4997
0.4997
0.4996
0.4997
0.4999
0.4997
0.4996
0.4996
0.4997
0.4999
0.4994
0.4998
0.4996
0.5001
0.4994
0.4998
0.4996
0.4997
0.4996
0.5
0.4995
0.4999
0.4993
0.4999
0.4996
0.4998
0.4998
0.4998
0.4995
0.4997
0.4995
0.4995
0.5001
0.4995
0.4995
0.5
0.4995
0.4996
0.5
0.4995
0.4996
0.4997
0.4994
0.5001
0.5004
0.4982
0.5
0.4989
0.4996
0.5
0.4999
0.4992
0.4995
0.4996
0.4997
0.4997
0.4994
0.5
0.4993
0.4996
0.4997
0.4996
0.5001
0.4998
0.4993
0.4998
0.4997
0.4995
0.4997
0.4999
0.4997
0.4996
0.4998
0.4997
0.4996
0.4997
0.5002
0.4992
0.4995
0.4994
0.512
0.4869
0.4996
0.4999
0.4995
0.5
0.4993
0.5001
0.4993
0.5001
0.4993
0.4999
0.4995
0.4997
0.4999
0.4998
0.4996
0.4998
0.4998
0.4995
0.5001
0.4991
0.4997
0.5
0.4996
0.4873
0.4998
0.4996
0.4997
0.4997
0.4996
0.4992
0.4995
0.5
0.4993
0.4995
0.4995
0.5045
0.4949
0.4995
0.4996
0.4991
0.4996
0.4999
0.4997
0.4994
0.499
0.4997
0.4995
0.4994
0.499
0.5
0.499
0.4996
0.4989
0.4985
0.4997
0.5007
0.5092
0.4881
0.4999
0.4997
0.4995
0.5
0.4996
0.499
0.4992
0.4996
0.4996
0.4993
0.4995
0.4993
0.4996
0.4998
0.4993
0.4999
0.4993
0.4999
0.4991
0.5003
0.4992
0.4996
0.4997
0.4992
0.5001
0.4993
0.4995
0.5005
0.4984
0.4998
0.4993
0.4999
0.4994
0.4995
0.4996
0.4999
0.4995
0.4996
0.5001
0.4995
0.4998
0.4993
0.4998
0.4994
0.5001
0.4993
0.5
0.4997
0.4995
0.5001
0.4991
0.4995
0.4997
0.4998
0.4998
0.4999
0.4996
0.4996
0.5015
0.4975
0.4995
0.4997
0.4999
0.4998
0.4993
0.4996
0.4997
0.4999
0.4993
0.4998
0.4999
0.5005
0.4987
0.4997
0.4996
0.4995
0.4995
0.4999
0.4994
0.4997
0.4996
0.4999
0.4997
0.4996
0.4998
0.5502
0.4487
0.5
0.4993
0.4999
0.5002
0.4987
0.4999
0.4995
0.4994
0.4997
0.4997
0.5
0.4997
0.4995
0.4996
0.4996
0.4996
0.4997
0.5
0.4997
0.4994
0.5
0.4995
0.4999
0.4995
0.4998
0.4998
0.4994
0.5
0.4997
0.4995
0.4998
0.4996
0.4997
0.4997
0.4996
0.4995
0.5
0.4994
0.4995
0.512
0.4874
0.4998
0.4995
0.4998
0.4996
0.4996
0.4997
0.4995
0.5001
0.4996
0.4996
0.4996
0.4997
0.4997
0.4999
0.4994
0.5
0.4994
0.4996
0.5001
0.4994
0.4996
0.4996
0.5
0.4999
0.4998
0.4987
0.4999
0.4997
0.4998
0.4978
0.5
0.4993
0.4994
0.4999
0.5148
0.4705
0.4471
0.4995
0.4997
0.4998
0.4997
0.4995
0.4999
0.4994
0.5
0.499
0.4994
0.4997
0.4996
0.5001
0.4995
0.4995
0.4998
0.4998
0.5006
0.4989
0.4985
0.4998
0.4996
0.4997
0.4996
0.4998
0.4996
0.4998
0.4996
0.4997
0.4994
0.4996
0.4997
0.4997
0.4995
0.5001
0.4996
0.4997
0.4997
0.4997
0.4997
0.4993
0.5296
0.4699
0.4999
0.4995
0.4999
0.4994
0.4998
0.4997
0.4996
0.4996
0.5
0.4996
0.4997
0.4996
0.4994
0.4949
0.5
0.4996
0.4998
0.4994
0.4996
0.5001
0.4994
0.4998
0.4998
0.4996
0.4995
0.4996
0.4999
0.4995
0.4998
0.4999
0.4996
0.4994
0.5
0.4994
0.4998
0.4995
0.4998
0.4996
0.5
0.4999
0.4989
0.4993
0.4997
0.4995
0.4997
0.4999
0.4997
0.4998
0.4997
0.4997
0.4994
0.4997
0.4998
0.4997
0.4997
0.4996
0.4996
0.4996
0.525
0.4742
0.4997
0.4998
0.4998
0.4994
0.4999
0.4995
0.4999
0.4995
0.4997
0.4997
0.5001
0.4995
0.4991
0.4999
0.4995
0.4997
0.4999
0.4995
0.4996
0.4997
0.4999
0.4997
0.4993
0.4998
0.4996
0.4997
0.4999
0.4995
0.4997
0.4996
0.4999
0.4996
0.4997
0.4999
0.4994
0.5
0.4998
0.4993
0.4998
0.4999
0.4996
0.5012
0.4979
0.4996
0.4994
0.4996
0.4999
0.4998
0.4995
0.4997
0.4994
0.4999
0.4994
0.4998
0.4996
0.4997
0.4997
0.4998
0.4997
0.4998
0.4995
0.4996
0.4997
0.4997
0.4998
0.4995
0.4996
0.5
0.4993
0.5
0.4995
0.4997
0.4997
0.5
0.4992
0.4995
0.4997
0.4997
0.4996
0.5111
0.4879
0.4993
0.4999
0.499
0.4997
0.4996
0.4999
0.4998
0.4994
0.4997
0.5001
0.4994
0.4999
0.4997
0.4998
0.4994
0.4999
0.4992
0.5002
0.4993
0.5
0.4994
0.4999
0.4994
0.5012
0.498
0.4988
0.4998
0.4996
0.5002
0.4927
0.4999
0.4995
0.5
0.4997
0.5013
0.4974
0.5052
0.4942
0.5001
0.4995
0.4993
0.4996
0.4999
0.4991
0.5007
0.4988
0.4999
0.4993
0.5
0.4997
0.4996
0.4987
0.4999
0.4995
0.5002
0.4993
0.4995
0.4987
0.4999
0.4995
0.4991
0.4997
0.4998
0.4996
0.4997
0.4997
0.4998
0.4995
0.4996
0.4997
0.4998
0.4999
0.4994
0.4997
0.4997
0.4998
0.4997
0.4998
0.4997
0.4997
0.4996
0.4998
0.4996
0.4997
0.4996
0.4994
0.4999
0.4959
0.4994
0.4996
0.4998
0.4995
0.4996
0.4995
0.4996
0.4995
0.4996
0.5
0.4992
0.5
0.4997
0.4986
0.4995
0.4996
0.4993
0.5
0.4995
0.4996
0.4995
0.4996
0.4997
0.4993
0.4998
0.4994
0.5001
0.4993
0.5004
0.4985
0.5043
0.4952
0.4997
0.5016
0.4977
0.4996
0.4997
0.4995
0.4998
0.4996
0.4839
0.4999
0.4992
0.4999
0.4999
0.5046
0.4941
0.4997
0.4999
0.4995
0.4995
0.4997
0.5
0.4994
0.4995
0.4997
0.4996
0.4999
0.4998
0.4994
0.5002
0.499
0.4995
0.4996
0.4994
0.4999
0.4994
0.4997
0.5
0.4998
0.4993
0.4999
0.4995
0.4999
0.4995
0.4995
0.4995
0.4998
0.4999
0.4903
0.4997
0.4995
0.4997
0.4998
0.4993
0.5001
0.4996
0.4993
0.4999
0.4998
0.4993
0.5002
0.499
0.4998
0.4996
0.4996
0.4997
0.4997
0.4994
0.4996
0.4997
0.5
0.4996
0.4994
0.4998
0.4998
0.4995
0.4998
0.4999
0.4994
0.4999
0.4998
0.4979
0.5001
0.4993
0.5
0.4996
0.4998
0.4993
0.5
0.4995
0.4996
0.4999
0.4995
0.4997
0.4996
0.5004
0.4989
0.498
0.4998
0.4998
0.4995
0.4998
0.4995
0.4998
0.504
0.4946
0.4996
0.4996
0.4998
0.4997
0.4998
0.4997
0.4997
0.492
0.4997
0.4997
0.4995
0.4994
0.4999
0.4998
0.4996
0.4995
0.5001
0.4992
0.4995
0.4993
0.4998
0.4994
0.4999
0.4995
0.4996
0.4999
0.4998
0.4997
0.4996
0.4997
0.4999
0.4995
0.4997
0.4996
0.4997
0.4996
0.5
0.4994
0.4998
0.4996
0.4997
0.4996
0.4999
0.4998
0.4993
0.4999
0.4997
0.4995
0.4999
0.4994
0.4995
0.4997
0.4998
0.4996
0.4997
0.4996
0.4999
0.4995
0.4996
0.4998
0.4996
0.4996
0.4996
0.5201
0.4794
0.4994
0.4999
0.4997
0.4998
0.4995
0.4996
0.4997
0.4997
0.4997
0.4998
0.4997
0.4996
0.5
0.4989
0.4999
0.4996
0.4996
0.4997
0.4994
0.4997
0.4999
0.4995
0.4996
0.4998
0.4997
0.4997
0.4999
0.4996
0.4993
0.5
0.4994
0.4998
0.5
0.4995
0.4995
0.4998
0.4999
0.4997
0.4996
0.4995
0.5
0.4994
0.4996
0.4999
0.4997
0.4994
0.4999
0.4995
0.4999
0.4996
0.4996
0.4998
0.4998
0.4993
0.5
0.4994
0.4998
0.4996
0.5001
0.4993
0.5001
0.4995
0.4997
0.4996
0.5
0.4993
0.4997
0.5001
0.4994
0.4999
0.4998
0.4993
0.5
0.4998
0.4993
0.4995
0.4996
0.4997
0.4995
0.4997
0.4997
0.4998
0.4996
0.4997
0.4997
0.4999
0.4997
0.4998
0.4994
0.4997
0.5
0.4996
0.4993
0.4997
0.5001
0.4996
0.4996
0.4997
0.4999
0.4994
0.5
0.4993
0.4998
0.4999
0.5
0.4993
0.499
0.4999
0.4994
0.4995
0.4996
0.4998
0.4997
0.5069
0.5027
0.4887
0.4995
0.4999
0.4996
0.4999
0.4995
0.4996
0.4998
0.4995
0.4996
0.4997
0.4994
0.5
0.4994
0.4997
0.4997
0.4997
0.5
0.4997
0.4996
0.4995
0.5003
0.5035
0.493
0.4996
0.4995
0.4996
0.5001
0.4996
0.4991
0.4999
0.5025
0.4964
0.4995
0.4995
0.5
0.4997
0.4997
0.4997
0.4994
0.4998
0.4999
0.4994
0.4998
0.4998
0.4995
0.4998
0.4998
0.4998
0.4994
0.4996
0.5
0.4998
0.4996
0.5137
0.4851
0.4992
0.4999
0.4993
0.4998
0.4997
0.4865
0.4993
0.4995
0.4996
0.4998
0.4997
0.4992
0.4996
0.4996
0.4998
0.4995
0.4995
0.5
0.4992
0.4999
0.4994
0.4995
0.5001
0.4994
0.4995
0.4997
0.4999
0.5002
0.4981
0.5017
0.4966
0.4997
0.4995
0.5008
0.4985
0.5007
0.4983
0.4999
0.4993
0.4998
0.5002
0.4994
0.499
0.4995
0.4996
0.4997
0.4999
0.4995
0.4997
0.4998
0.4996
0.4996
0.4998
0.4999
0.4994
0.4999
0.4995
0.4997
0.5
0.4993
0.4994
0.4996
0.4997
0.4997
0.4998
0.4997
0.4996
0.4997
0.4996
0.4998
0.4997
0.4997
0.499
0.4994
0.4995
0.4998
0.4997
0.4997
0.4997
0.4998
0.4997
0.4994
0.4998
0.4998
0.4998
0.4994
0.5001
0.4993
0.5165
0.4832
0.4993
0.4954
0.499
0.4999
0.4999
0.4993
0.4999
0.4996
0.4996
0.4999
0.4995
0.5
0.4996
0.4996
0.4995
0.4998
0.4994
0.4997
0.4996
0.4999
0.4995
0.4998
0.4998
0.4997
0.4996
0.4994
0.4995
0.5
0.4997
0.5058
0.4937
0.4993
0.4998
0.4994
0.4996
0.4996
0.4997
0.5
0.4995
0.4995
0.4997
0.5
0.4997
0.4996
0.4996
0.4995
0.4998
0.4997
0.4996
0.4996
0.5001
0.4996
0.4996
0.4998
0.4995
0.4999
0.4996
0.4998
0.4993
0.4999
0.4999
0.4995
0.4992
0.4995
0.4997
0.4996
0.4997
0.5
0.4997
0.4996
0.4995
0.5
0.4996
0.4996
0.4996
0.4995
0.5001
0.4994
0.5
0.4998
0.4995
0.4996
0.4998
0.4996
0.4996
0.4994
0.4998
0.4998
0.4998
0.4937
0.4997
0.4998
0.4996
0.4994
0.4995
0.4994
0.4998
0.4997
0.4998
0.4998
0.4994
0.4999
0.4997
0.4993
0.4998
0.4999
0.4995
0.4997
0.4998
0.4997
0.4997
0.4996
0.4999
0.4993
0.4999
0.4999
0.4995
0.4996
0.4998
0.4996
0.4998
0.4997
0.4996
0.4997
0.5
0.4994
0.4993
0.4998
0.4997
0.4992
0.4993
0.4998
0.4996
0.4995
0.4997
0.5
0.4996
0.4995
0.4996
0.5
0.4996
0.4998
0.4997
0.4996
0.4995
0.4998
0.4998
0.4993
0.5
0.4995
0.5
0.4995
0.4997
0.4999
0.4996
0.4997
0.4997
0.4997
0.4969
0.4995
0.4998
0.4997
0.4997
0.5
0.4994
0.4997
0.5
0.4995
0.4998
0.4997
0.4997
0.4994
0.4997
0.4998
0.4996
0.4999
0.4997
0.4993
0.4998
0.4998
0.4994
0.5001
0.4997
0.4994
0.4996
0.5001
0.4996
0.4998
0.4994
0.4994
0.4995
0.4996
0.4995
0.4997
0.4997
0.4996
0.5003
0.4991
0.5
0.4992
0.4999
0.4996
0.4998
0.4997
0.4996
0.4997
0.4997
0.4995
0.4999
0.4997
0.4996
0.4997
0.4996
0.4997
0.4999
0.4996
0.4997
0.4998
0.4987
0.4994
0.4995
0.4999
0.4996
0.4998
0.4995
0.4997
0.4994
0.5
0.4994
0.4998
0.4997
0.4996
0.4997
0.4996
0.4996
0.4999
0.4998
0.4996
0.4997
0.4997
0.4994
0.4996
0.4998
0.4996
0.4999
0.4996
0.4999
0.4998
0.4989
0.5095
0.4901
0.4997
0.4996
0.4996
0.4998
0.4998
0.4996
0.4995
0.4999
0.4994
0.4996
0.4998
0.4999
0.4997
0.4994
0.5
0.4996
0.4995
0.4998
0.4994
0.4998
0.4996
0.4998
0.4998
0.4994
0.4998
0.4997
0.4998
0.4994
0.4999
0.5157
0.4833
0.4998
0.4997
0.4999
0.4996
0.4994
0.4999
0.4997
0.4994
0.4998
0.4998
0.4995
0.4996
0.4998
0.4996
0.4998
0.4994
0.4997
0.4997
0.4995
0.4999
0.4997
0.4997
0.4997
0.4997
0.4995
0.4994
0.4997
0.5001
0.4999
0.4994
0.4994
0.4994
0.4988
0.4999
0.4997
0.4998
0.4992
0.5
0.4995
0.4997
0.4996
0.4991
0.5
0.4995
0.4995
0.4997
0.4999
0.4993
0.4998
0.4998
0.4994
0.4999
0.4993
0.4997
0.5
0.4997
0.4996
0.4996
0.4995
0.4999
0.5
0.4993
0.4995
0.4994
0.4999
0.4998
0.4996
0.4997
0.4995
0.4995
0.4999
0.4992
0.5
0.4993
0.4994
0.4996
0.4993
0.4998
0.4996
0.4995
0.4998
0.4996
0.4994
0.4999
0.4992
0.4997
0.4993
0.4997
0.4994
0.4994
0.4999
0.4996
0.4994
0.4989
0.4999
0.4997
0.4993
0.4997
0.4993
0.4997
0.4992
0.4996
0.4995
0.4999
0.4993
0.4998
0.4993
0.4994
0.4998
0.4999
0.4998
0.4991
0.4999
0.5
0.4993
0.4994
0.5
0.4993
0.4999
0.4996
0.4996
0.5
0.5002
0.499
0.4992
0.4995
0.4995
0.4998
0.4992
0.5
0.4999
0.4994
0.4996
0.4991
0.5
0.4994
0.4996
0.4997
0.4994
0.4994
0.4994
0.4997
0.5
0.4996
0.4996
0.4995
0.5
0.4995
0.4996
0.5
0.4993
0.4994
0.4996
0.4999
0.5001
0.4986
0.4995
0.4998
0.4995
0.4997
0.4995
0.4997
0.4996
0.5001
0.4994
0.4996
0.4998
0.4995
0.4999
0.4993
0.4998
0.4998
0.4995
0.5
0.4997
0.4995
0.4995
0.5
0.4998
0.4997
0.4995
0.4997
0.4997
0.4998
0.4998
0.4998
0.4996
0.4996
0.4998
0.4993
0.4996
0.4995
0.4999
0.4995
0.5
0.4995
0.4998
0.4999
0.4993
0.5
0.4996
0.4997
0.4997
0.4997
0.4994
0.5
0.4996
0.4998
0.4993
0.4997
0.4997
0.4998
0.4994
0.4999
0.4996
0.4995
0.4996
0.9884
0.0113
0.5006
0.4978
0.4998
0.4998
0.4996
0.4996
0.4995
0.5
0.4995
0.4996
0.4997
0.4996
0.4999
0.4997
0.4996
0.4996
0.4997
0.4997
0.4995
0.4995
0.5
0.4997
0.4995
0.4998
0.4996
0.4995
0.5001
0.4991
0.4996
0.4999
0.5004
0.4986
0.4997
0.4996
0.4994
0.5001
0.4995
0.4994
0.5
0.4993
0.4999
0.4997
0.4998
0.4993
0.4997
0.4997
0.4996
0.5001
0.4995
0.4997
0.4995
0.4999
0.4996
0.5
0.4995
0.4999
0.4993
0.5
0.4994
0.4999
0.4995
0.5004
0.4988
0.4993
0.4996
0.4998
0.4998
0.4994
0.4998
0.4997
0.4998
0.4994
0.5
0.4992
0.4998
0.4996
0.4999
0.4994
0.5
0.4994
0.4999
0.4996
0.4997
0.4997
0.4994
0.4999
0.4994
0.4997
0.5
0.4994
0.4999
0.4998
0.4993
0.5003
0.4991
0.4994
0.4997
0.4997
0.4996
0.4996
0.4929
0.4998
0.4998
0.4993
0.5
0.4993
0.4998
0.4996
0.4999
0.4999
0.4996
0.4994
0.5001
0.4993
0.4998
0.4998
0.4995
0.5
0.4995
0.5
0.4993
0.4999
0.4993
0.4996
0.5
0.5023
0.4956
0.4995
0.4994
0.4996
0.4999
0.4995
0.4996
0.4998
0.4998
0.4997
0.4996
0.4997
0.4995
0.4996
0.4998
0.4996
0.5001
0.4992
0.5001
0.4993
0.4995
0.5
0.4995
0.4997
0.4998
0.4995
0.4998
0.4999
0.4995
0.4999
0.5001
0.4989
0.499
0.4996
0.4999
0.4997
0.4996
0.4998
0.4997
0.4996
0.4996
0.4998
0.4998
0.4993
0.4998
0.4995
0.4999
0.4995
0.4997
0.4998
0.4997
0.4998
0.4998
0.4992
0.5001
0.4996
0.4997
0.4996
0.4995
0.5001
0.4995
0.4997
0.4998
0.4998
0.4992
0.499
0.4993
0.4995
0.4995
0.5001
0.4993
0.5
0.4994
0.4998
0.4999
0.4998
0.4993
0.4996
0.4998
0.4999
0.4994
0.4998
0.4997
0.4996
0.4995
0.5083
0.4728
0.5
0.4998
0.4991
0.4999
0.4996
0.4999
0.4992
0.4994
0.4998
0.4996
0.4996
0.4996
0.5001
0.4993
0.4998
0.5008
0.4976
0.4996
0.4999
0.4994
0.4998
0.4999
0.4995
0.4998
0.4996
0.4996
0.4998
0.4995
0.5
0.4996
0.4995
0.4998
0.4994
0.4997
0.4995
0.4995
0.4997
0.5047
0.4946
0.4997
0.4991
0.4995
0.4999
0.4997
0.4996
0.4997
0.5163
0.4831
0.4995
0.4992
0.5023
0.4967
0.4998
0.4998
0.4993
0.4998
0.4993
0.4995
0.4996
0.4997
0.4996
0.4984
0.4995
0.5
0.4993
0.4997
0.4991
0.5
0.4998
0.499
0.4993
0.4997
0.4996
0.4999
0.4998
0.4995
0.4995
0.4995
0.4996
0.4999
0.4996
0.4998
0.4999
0.4993
0.4997
0.4998
0.4999
0.4996
0.4994
0.5
0.4994
0.4999
0.4997
0.4995
0.4999
0.4997
0.4996
0.4998
0.5131
0.4859
0.5
0.499
0.4997
0.4991
0.4998
0.4997
0.4997
0.4995
0.4998
0.4997
0.4999
0.4998
0.4994
0.5
0.4996
0.4996
0.4993
0.5
0.4992
0.5
0.4995
0.4996
0.4996
0.5
0.4994
0.4999
0.4996
0.4997
0.4999
0.4996
0.4997
0.4994
0.5005
0.4992
0.4988
0.4994
0.4999
0.4994
0.4997
0.4999
0.4994
0.4999
0.4997
0.4996
0.4996
0.4998
0.4995
0.4997
0.4999
0.4993
0.4996
0.4999
0.4995
0.4999
0.4993
0.4996
0.4995
0.5
0.4996
0.4994
0.4997
0.4998
0.4993
0.5003
0.4993
0.4993
0.4999
0.4992
0.4996
0.4998
0.4995
0.4999
0.4993
0.4997
0.4998
0.4997
0.4997
0.4996
0.4998
0.4997
0.4999
0.4994
0.4996
0.5
0.4997
0.4996
0.4998
0.4993
0.4998
0.4997
0.4996
0.4995
0.4997
0.5
0.4995
0.4998
0.4994
0.4999
0.4996
0.4995
0.4997
0.4996
0.4998
0.4995
0.4996
0.5
0.4995
0.4997
0.5
0.4993
0.4999
0.4994
0.5282
0.4712
0.4997
0.4997
0.4997
0.4997
0.4996
0.4999
0.4998
0.4992
0.5
0.4995
0.4997
0.4996
0.5004
0.4991
0.4992
0.4998
0.4998
0.4995
0.4997
0.4995
0.5001
0.4993
0.5
0.4997
0.4994
0.4997
0.4997
0.4994
0.4998
0.4995
0.4998
0.5
0.4994
0.4999
0.4996
0.4996
0.4998
0.4998
0.4994
0.4998
0.4999
0.4995
0.4995
0.4999
0.4996
0.4999
0.4994
0.4995
0.4998
0.4998
0.4996
0.4992
0.4998
0.4999
0.4996
0.4996
0.5
0.4994
0.5341
0.4653
0.4997
0.4996
0.4996
0.4996
0.4999
0.4997
0.4998
0.4995
0.4998
0.4997
0.4996
0.4999
0.4995
0.4996
0.4997
0.4997
0.4997
0.4998
0.501
0.4976
0.5
0.4993
0.4999
0.4999
0.4994
0.4998
0.4996
0.4997
0.4996
0.4999
0.4998
0.4994
0.4998
0.4996
0.4999
0.4993
0.4997
0.4997
0.4999
0.4997
0.4996
0.4997
0.4998
0.4997
0.4996
0.4995
0.4998
0.4995
0.5
0.4998
0.4988
0.4995
0.4997
0.4996
0.4998
0.4999
0.4995
0.4997
0.5
0.4994
0.4998
0.4996
0.4998
0.4997
0.4996
0.4997
0.4998
0.4997
0.4996
0.4993
0.4999
0.4999
0.4997
0.4993
0.4998
0.4996
0.4999
0.4995
0.4996
0.4998
0.4997
0.4998
0.4995
0.4996
0.4996
0.4996
0.4995
0.4999
0.4996
0.5
0.4994
0.4996
0.4999
0.4997
0.4996
0.4999
0.4994
0.4998
0.4997
0.4997
0.4997
0.4995
0.5
0.4995
0.4997
0.4996
0.4997
0.4998
0.4997
0.4999
0.4997
0.4994
0.4999
0.5007
0.4888
0.4995
0.4997
0.4997
0.4996
0.4996
0.5
0.4996
0.4996
0.4994
0.5
0.4943
0.4997
0.4995
0.4998
0.4997
0.4995
0.4996
0.5
0.4995
0.4998
0.4994
0.4999
0.4996
0.4997
0.4995
0.4997
0.4996
0.5
0.4997
0.4992
0.5001
0.499
0.4996
0.5007
0.498
0.4999
0.4995
0.5073
0.4918
0.4995
0.4994
0.4998
0.4996
0.4993
0.5001
0.4994
0.4996
0.4996
0.4997
0.4999
0.4994
0.4997
0.4998
0.4994
0.5001
0.4996
0.4995
0.4998
0.4996
0.4999
0.5002
0.4862
0.4996
0.4996
0.4998
0.4993
0.4999
0.4995
0.4995
0.4997
0.4998
0.4993
0.4997
0.4998
0.4996
0.4998
0.4996
0.4995
0.4996
0.4996
0.5001
0.4994
0.4998
0.4996
0.4997
0.4999
0.4995
0.4999
0.4994
0.4997
0.4999
0.4997
0.5
0.4993
0.4999
0.4991
0.4995
0.4999
0.4993
0.4996
0.4997
0.5
0.4999
0.4992
0.4999
0.4993
0.4997
0.4999
0.4999
0.4991
0.5008
0.4969
0.4989
0.4994
0.4999
0.499
0.4998
0.4988
0.4999
0.4991
0.4998
0.4986
0.4993
0.5006
0.498
0.4999
0.4992
0.5
0.4995
0.4994
0.5
0.4996
0.4995
0.4996
0.4998
0.4996
0.4998
0.4997
0.4997
0.4997
0.4998
0.4993
0.5
0.4996
0.4995
0.4997
0.4997
0.4995
0.4997
0.4996
0.5
0.4997
0.4995
0.4996
0.5054
0.4938
0.4994
0.5001
0.499
0.4998
0.4995
0.4997
0.4996
0.4996
0.4995
0.5
0.4993
0.4999
0.5121
0.4869
0.5001
0.4993
0.4997
0.4998
0.5003
0.4991
0.4994
0.4997
0.4999
0.4996
0.4997
0.4997
0.4998
0.4996
0.4995
0.4996
0.5005
0.4987
0.4993
0.4999
0.4996
0.4998
0.4995
0.4998
0.4997
0.4996
0.4999
0.4994
0.4996
0.4999
0.4996
0.4998
0.4996
0.4998
0.4998
0.4995
0.4999
0.4993
0.4997
0.4999
0.4994
0.4999
0.4995
0.4997
0.4998
0.4995
0.4998
0.4999
0.5002
0.499
0.4994
0.4994
0.5
0.4997
0.4996
0.4996
0.5
0.4996
0.4997
0.4997
0.4997
0.4995
0.4997
0.4995
0.4998
0.4998
0.4999
0.4997
0.4996
0.4994
0.4999
0.4998
0.4995
0.4999
0.4994
0.4999
0.4994
0.5001
0.4993
0.5002
0.4994
0.4974
0.4994
0.5
0.4993
0.4998
0.4994
0.4999
0.4996
0.4996
0.4995
0.4997
0.4999
0.4995
0.4996
0.4999
0.4999
0.5005
0.4986
0.4996
0.4995
0.4997
0.4998
0.4997
0.4998
0.4998
0.4993
0.4996
0.4998
0.4997
0.4996
0.4999
0.4995
0.4995
0.4995
0.4999
0.4997
0.4996
0.4995
0.4997
0.5
0.4994
0.4998
0.4997
0.4997
0.4999
0.4994
0.4996
0.4998
0.4997
0.4998
0.4997
0.4994
0.4998
0.4996
0.4999
0.4998
0.4997
0.4995
0.4997
0.4997
0.4997
0.5
0.4985
0.4996
0.4997
0.4995
0.5
0.4993
0.4997
0.4997
0.4997
0.4998
0.4998
0.4992
0.4998
0.4999
0.4996
0.4997
0.4998
0.4995
0.4997
0.4998
0.4996
0.4995
0.4997
0.4998
0.4996
0.4997
0.4999
0.4997
0.4997
0.4997
0.4993
0.501
0.5097
0.4854
0.4994
0.4996
0.4997
0.4999
0.4997
0.4996
0.4998
0.4997
0.4994
0.4998
0.4999
0.4995
0.5
0.4993
0.4997
0.4997
0.4998
0.4997
0.4997
0.4995
0.4999
0.4996
0.4997
0.4996
0.4997
0.5001
0.4994
0.4995
0.4996
0.5002
0.499
0.4997
0.5
0.4995
0.4997
0.4996
0.4998
0.4995
0.4997
0.4995
0.5001
0.4995
0.4996
0.4998
0.4995
0.4999
0.4994
0.5001
0.4996
0.4995
0.4996
0.4999
0.4996
0.4997
0.4996
0.4996
0.4999
0.4994
0.4998
0.4997
0.5017
0.4973
0.4994
0.4998
0.4996
0.4998
0.4995
0.4998
0.4994
0.4999
0.4998
0.4998
0.4994
0.4998
0.4996
0.4999
0.4997
0.4996
0.4997
0.4996
0.4999
0.4994
0.4997
0.5
0.4997
0.4994
0.4998
0.4996
0.4998
0.5
0.4994
0.4998
0.5
0.4991
0.505
0.4944
0.4993
0.4995
0.5
0.4996
0.4994
0.4997
0.4999
0.4995
0.4994
0.4992
0.4999
0.4996
0.4997
0.4994
0.5
0.4997
0.4996
0.4996
0.4996
0.4997
0.4995
0.4997
0.5
0.4997
0.4993
0.4998
0.5005
0.4986
0.4992
0.4999
0.4996
0.4994
0.4987
0.4995
0.5
0.4996
0.4996
0.5
0.4993
0.4997
0.4998
0.4999
0.4994
0.4997
0.4997
0.4995
0.4998
0.4997
0.4999
0.4997
0.4995
0.4997
0.4999
0.4996
0.4997
0.4994
0.4997
0.4999
0.5001
0.4994
0.4991
0.4998
0.4992
0.4994
0.499
0.4991
0.4991
0.5
0.4998
0.4992
0.4999
0.4996
0.4995
0.4997
0.4993
0.5
0.4993
0.4998
0.4997
0.4942
0.4999
0.4992
0.4997
0.4993
0.4998
0.4995
0.4998
0.4997
0.4998
0.5003
0.4983
0.4995
0.4998
0.4995
0.4995
0.5
0.4997
0.4997
0.4994
0.4995
0.4997
0.4996
0.4994
0.5001
0.4995
0.4995
0.4999
0.4997
0.4999
0.4997
0.4994
0.4995
0.4999
0.4997
0.4997
0.4995
0.5
0.4997
0.4996
0.4994
0.4999
0.5108
0.4819
0.4994
0.4994
0.4998
0.4996
0.4999
0.4997
0.4995
0.4996
0.4993
0.5
0.4992
0.4998
0.4996
0.4997
0.4997
0.4995
0.4998
0.4998
0.4995
0.4999
0.4998
0.4997
0.4997
0.4998
0.4996
0.4996
0.4997
0.4996
0.4995
0.5
0.4994
0.4997
0.4996
0.4995
0.4998
0.4995
0.4999
0.4996
0.4998
0.4994
0.4998
0.4994
0.4997
0.4996
0.4999
0.4998
0.4997
0.4997
0.4995
0.4995
0.4998
0.4994
0.4999
0.4997
0.4997
0.4994
0.5
0.4996
0.4995
0.4999
0.9058
0.0912
0.4994
0.4996
0.5
0.4997
0.4996
0.4998
0.4992
0.5001
0.4996
0.4997
0.4996
0.4997
0.4999
0.4995
0.4992
0.4998
0.4997
0.4998
0.4996
0.4999
0.4995
0.4999
0.4998
0.4994
0.4995
0.4999
0.4998
0.4994
0.5001
0.4995
0.4993
0.4995
0.4995
0.4998
0.4996
0.4999
0.4995
0.4997
0.4998
0.4998
0.4994
0.5
0.4994
0.4998
0.5
0.4993
0.4997
0.4996
0.4998
0.4995
0.4998
0.5129
0.4862
0.4998
0.4998
0.4997
0.4997
0.4995
0.4998
0.4996
0.5008
0.4987
0.4993
0.5001
0.4994
0.4998
0.4996
0.4998
0.4993
0.4997
0.4998
0.4998
0.4996
0.4995
0.5
0.4997
0.4993
0.4998
0.4996
0.4997
0.5
0.4995
0.4997
0.4996
0.4997
0.4997
0.5
0.4995
0.4997
0.4998
0.4995
0.5036
0.496
0.499
0.4998
0.5066
0.4928
0.4997
0.4996
0.4996
0.4996
0.4999
0.4995
0.4999
0.4994
0.4999
0.4995
0.5
0.4993
0.5
0.4995
0.4994
0.4999
0.4996
0.4999
0.4998
0.4994
0.4998
0.4998
0.4994
0.4997
0.4997
0.4996
0.4997
0.4997
0.4993
0.5
0.4995
0.4999
0.4996
0.4996
0.4996
0.4997
0.4996
0.4997
0.5
0.4994
0.4996
0.4999
0.4995
0.4999
0.4995
0.4995
0.4997
0.4997
0.4999
0.4994
0.4997
0.4996
0.4999
0.4995
0.4996
0.4999
0.4997
0.4994
0.5002
0.4989
0.4996
0.4997
0.4996
0.4997
0.4997
0.4995
0.5001
0.4996
0.4993
0.4997
0.4999
0.4994
0.4996
0.4998
0.4994
0.4997
0.4997
0.4997
0.5
0.4995
0.4997
0.4995
0.5001
0.4997
0.4996
0.4995
0.4997
0.5
0.4995
0.4997
0.4997
0.4995
0.4996
0.4993
0.5
0.4998
0.4993
0.5
0.4996
0.4998
0.4993
0.4999
0.4997
0.4995
0.4999
0.4995
0.5
0.4994
0.4999
0.4994
0.4997
0.4999
0.4998
0.4996
0.4996
0.4996
0.4999
0.4997
0.4995
0.4999
0.4995
0.5
0.5003
0.4978
0.4999
0.4991
0.4998
0.4997
0.4996
0.4999
0.4994
0.4998
0.4999
0.4992
0.4997
0.4998
0.4995
0.4996
0.4994
0.5001
0.4995
0.4995
0.4996
0.4998
0.4995
0.4997
0.4997
0.4998
0.4997
0.4996
0.4997
0.4999
0.4996
0.4995
0.4998
0.4993
0.5002
0.4993
0.4998
0.4997
0.4996
0.4996
0.4997
0.4994
0.4999
0.4998
0.4997
0.4995
0.5
0.4996
0.4996
0.4997
0.4994
0.4997
0.4996
0.5
0.4993
0.4998
0.4997
0.4996
0.4998
0.4997
0.4997
0.4994
0.4994
0.4996
0.4998
0.4996
0.4996
0.4993
0.4998
0.4996
0.4995
0.4991
0.4995
0.4996
0.4998
0.4996
0.4996
0.4998
0.4996
0.4995
0.4996
0.4994
0.5
0.4993
0.4996
0.4993
0.5
0.4993
0.4999
0.4992
0.4994
0.4996
0.4998
0.499
0.4997
0.4998
0.4991
0.4996
0.4997
0.4994
0.4994
0.4998
0.4994
0.4998
0.4999
0.4996
0.5
0.499
0.4997
0.4997
0.4996
0.4995
0.4998
0.4997
0.4995
0.4998
0.4994
0.4995
0.4997
0.4996
0.5001
0.5007
0.4973
0.4999
0.4997
0.4994
0.4996
0.4999
0.4994
0.4996
0.4999
0.4994
0.4996
0.5
0.4994
0.4997
0.4997
0.4998
0.4992
0.5001
0.4995
0.4999
0.4994
0.5
0.4996
0.4994
0.5
0.4994
0.4998
0.4998
0.4996
0.5003
0.4994
0.5061
0.4923
0.4913
0.4999
0.5
0.4988
0.4998
0.4989
0.4995
0.4995
0.4998
0.4996
0.4996
0.4996
0.5
0.4994
0.5
0.4995
0.4996
0.4998
0.4996
0.4995
0.4998
0.4995
0.4998
0.4999
0.4998
0.4995
0.5
0.4995
0.5006
0.5115
0.4851
0.4994
0.4941
0.4994
0.4999
0.4997
0.4995
0.4997
0.4996
0.4998
0.4997
0.4994
0.4998
0.4999
0.4997
0.4994
0.4997
0.4998
0.4998
0.4998
0.4993
0.5001
0.4997
0.4996
0.4993
0.5002
0.4995
0.4996
0.4997
0.5
0.4994
0.4994
0.4996
0.4998
0.4994
0.4997
0.4999
0.4996
0.4995
0.4996
0.4997
0.4999
0.4997
0.4995
0.4999
0.4998
0.4995
0.4997
0.4993
0.4998
0.4995
0.5001
0.4994
0.5
0.4998
0.4995
0.4997
0.4995
0.4998
0.4998
0.4994
0.5001
0.4993
0.4997
0.4994
0.4995
0.4997
0.4997
0.4996
0.4995
0.4997
0.5
0.4996
0.4994
0.5
0.4996
0.4996
0.4999
0.4998
0.4994
0.4996
0.4996
0.4999
0.4996
0.4997
0.4998
0.4996
0.4995
0.4997
0.4999
0.4996
0.4995
0.4999
0.5004
0.4986
0.4996
0.4999
0.4996
0.4997
0.4997
0.4998
0.4997
0.4996
0.4998
0.4994
0.4999
0.4998
0.4995
0.4997
0.4996
0.5001
0.4992
0.4998
0.4998
0.4994
0.4998
0.5
0.4993
0.5
0.4997
0.4996
0.4998
0.4996
0.4995
0.5005
0.4989
0.4994
0.4995
0.4999
0.4999
0.4993
0.4997
0.5001
0.4994
0.4996
0.4997
0.4998
0.4999
0.4994
0.4996
0.4997
0.4997
0.4996
0.4999
0.4995
0.4998
0.4996
0.4998
0.4995
0.4998
0.4995
0.4998
0.4997
0.4996
0.4997
0.5001
0.4996
0.4986
0.4999
0.5099
0.4897
0.499
0.4998
0.4998
0.4996
0.4997
0.4995
0.4993
0.4998
0.4999
0.4998
0.4993
0.5
0.4994
0.4997
0.4997
0.4997
0.4999
0.4998
0.4996
0.4995
0.4998
0.4998
0.4995
0.4997
0.4996
0.4998
0.4996
0.4999
0.4992
0.4998
0.4993
0.4997
0.4998
0.4997
0.4995
0.4997
0.4997
0.4998
0.4996
0.4996
0.4999
0.4995
0.4997
0.4996
0.4999
0.4995
0.4996
0.4996
0.4998
0.4999
0.4998
0.4996
0.4994
0.4997
0.4996
0.5
0.4993
0.4997
0.5059
0.4906
0.4993
0.5
0.4996
0.4996
0.4994
0.4998
0.5
0.4995
0.4995
0.5001
0.4994
0.4997
0.4999
0.4996
0.4996
0.5
0.4997
0.4994
0.4998
0.4997
0.4997
0.4998
0.4994
0.5001
0.4993
0.4997
0.5
0.4996
0.4999
0.4993
0.5002
0.4994
0.5003
0.499
0.4997
0.5
0.4989
0.4999
0.4996
0.5114
0.4872
0.4993
0.4996
0.5
0.4992
0.4997
0.4997
0.5
0.4997
0.4993
0.4999
0.4997
0.4998
0.4998
0.4993
0.4998
0.4998
0.4994
0.4997
0.4997
0.4999
0.4995
0.498
0.4997
0.4995
0.4997
0.4996
0.4996
0.4997
0.4993
0.4998
0.4999
0.4994
0.4997
0.4998
0.4998
0.4996
0.4994
0.5
0.4996
0.4994
0.4998
0.4999
0.4994
0.4999
0.4998
0.4994
0.4998
0.4996
0.4996
0.4999
0.4999
0.4997
0.4993
0.4998
0.4993
0.4997
0.4996
0.4994
0.4991
0.501
0.4986
0.4996
0.4991
0.4997
0.4992
0.4997
0.4996
0.4993
0.4995
0.4995
0.4993
0.4998
0.4996
0.4992
0.4999
0.4992
0.4996
0.5001
0.4988
0.4996
0.4999
0.4995
0.4997
0.4996
0.4996
0.4996
0.5
0.4995
0.4997
0.5
0.4994
0.4997
0.4996
0.4995
0.4998
0.4998
0.4994
0.4999
0.4995
0.4997
0.4996
0.4995
0.4998
0.4995
0.4996
0.4996
0.4997
0.4996
0.5
0.4998
0.499
0.4996
0.4997
0.4993
0.4993
0.4998
0.4999
0.4993
0.4995
0.4995
0.4997
0.4996
0.4997
0.4996
0.4995
0.4994
0.4995
0.4999
0.4996
0.4997
0.4995
0.4995
0.4997
0.4996
0.4994
0.4998
0.4993
0.4997
0.4994
0.4999
0.4997
0.4994
0.4999
0.5044
0.4942
0.4993
0.4995
0.5001
0.4996
0.4994
0.4998
0.4997
0.4994
0.4998
0.4996
0.4997
0.4996
0.4996
0.4995
0.4999
0.4993
0.4999
0.4998
0.4996
0.4997
0.4996
0.4998
0.4996
0.4995
0.4994
0.4997
0.4997
0.4999
0.4996
0.4995
0.5006
0.4982
0.5
0.4994
0.4997
0.4998
0.4993
0.4995
0.4999
0.4994
